0 45 0 0 1024 0 0 0 0 1 0 0 0 0 22 0 0 0 60 0 0 0 0 0 0 0 0 0 0 0 0 0 0 0 32 
3 0 0 0 0 0 50 0 3003 1150 0 0 0 209 0 90 0 0 0 0 0 0 89 0 0 0 0 0 0 731 0 0 0 0 0 
0 0 0 0 0 0 0 0 0 0 0 0 0 0 0 0 0 0 0 0 0 0 0 19 0 0 0 0 1559 0 0 0 0 0 0 
0 0 0 0 0 974 0 0 0 0 0 78 0 0 0 0 0 0 0 0 0 0 0 0 0 0 0 0 0 142 0 0 0 13 0 
0 59 0 0 80 0 0 0 0 0 0 0 0 0 1414 0 0 0 0 0 20 1 0 0 0 0 0 0 0 195 0 0 0 0 0 
0 83 0 0 0 0 68 0 0 0 0 13 52 2696 0 0 0 0 0 0 0 31 0 95 0 0 0 0 43 316 0 62 0 0 0 
0 0 0 0 0 0 419 0 0 0 0 12 0 0 0 0 0 0 0 0 0 0 0 241 0 2 0 0 245 172 0 0 0 0 0 
0 0 0 0 0 0 0 0 0 0 0 0 0 0 0 0 0 0 0 0 0 0 0 0 0 0 0 0 0 0 0 0 375 0 0 
0 0 0 3 0 0 0 0 0 0 0 0 0 0 0 0 0 0 0 0 0 0 0 0 0 0 0 4911 0 0 0 0 0 0 0 
0 0 0 0 0 0 0 0 0 0 0 0 0 0 0 0 0 0 0 0 0 0 0 0 0 0 0 0 0 268 0 2437 0 0 0 
0 0 0 0 0 0 0 0 0 0 0 2 0 0 0 0 0 0 0 0 0 0 2 0 0 0 0 0 0 0 0 0 922 0 0 
0 0 0 0 0 0 0 0 55 0 0 0 0 0 0 0 0 0 0 2253 0 0 25 0 0 0 146 0 0 0 110 0 0 0 0 
0 0 0 0 0 0 0 0 8 0 0 0 0 0 0 8 0 60 0 0 0 0 0 2 36 9 0 27 0 0 0 0 442 4 0 
0 0 0 0 0 0 0 0 0 1 0 192 0 0 0 0 1978 0 0 1 1 0 43 0 0 0 0 0 0 479 0 0 0 0 0 
0 0 0 0 0 0 28 0 415 0 0 0 0 49 0 0 0 0 0 0 0 0 0 2210 0 0 0 0 0 220 0 0 0 0 0 
0 0 0 0 0 0 0 1 0 0 0 0 0 0 0 0 0 0 0 0 0 0 2255 0 0 0 0 0 0 508 0 0 0 0 0 
0 69 0 0 0 2 0 0 0 0 0 0 0 0 28 0 4 0 0 0 263 0 36 0 0 183 0 0 0 68 8 0 0 0 0 
0 78 0 0 0 0 0 0 215 0 0 0 0 0 0 2466 0 0 0 0 0 0 4 0 0 0 0 0 0 459 0 0 0 0 0 
0 0 3 0 0 0 0 0 0 0 0 0 0 0 0 0 0 0 0 0 0 0 0 0 0 0 1717 0 0 14 0 0 0 0 0 
0 197 0 0 208 90 0 0 0 0 0 0 41 147 141 0 0 455 0 0 157 0 0 0 166 135 23 51 0 1055 62 0 0 2574 1 
0 0 0 0 0 0 0 0 0 0 0 0 1463 42 0 0 0 0 0 0 0 0 0 0 0 30 0 0 0 0 0 0 0 0 8 
0 0 0 0 0 0 1543 0 0 0 0 5 0 0 0 0 0 0 0 0 0 0 0 0 0 0 0 0 0 74 0 0 0 0 0 
70 503 747 0 0 0 0 2625 0 0 0 0 0 0 0 0 0 0 0 0 0 0 2 0 0 0 0 0 0 36 0 0 0 0 6903 
0 0 0 0 0 0 0 0 0 0 0 0 0 0 0 0 0 0 0 0 1105 0 0 0 0 42 0 0 0 375 0 0 0 39 0 
0 0 0 0 0 0 0 0 0 0 0 0 0 0 0 0 0 2498 0 0 0 0 0 0 3156 0 0 0 0 0 0 0 0 66 0 
0 0 0 0 0 0 0 0 0 0 4265 33 0 0 0 0 0 0 0 0 0 0 0 0 0 0 0 0 0 0 0 0 0 0 0 
0 84 0 0 0 0 0 0 0 0 0 0 1761 56 0 0 0 0 0 0 0 18 0 0 0 0 0 0 0 0 0 0 0 0 0 
0 27 0 0 0 0 0 0 0 0 0 0 0 0 0 1 0 0 0 0 0 0 0 0 0 0 80 0 0 32 1317 0 0 0 0 
0 0 0 3753 0 0 0 0 0 0 0 0 0 0 0 0 0 555 0 0 0 0 0 0 0 0 0 0 0 100 0 0 0 0 0 
0 0 0 0 0 0 0 0 0 0 0 0 0 0 0 0 0 109 8 0 25 3 0 0 0 2043 0 0 0 0 0 0 0 0 0 
0 0 0 0 0 0 0 0 124 0 0 0 0 0 0 11 0 0 0 0 5 0 0 0 0 0 0 0 0 37 60 0 179 0 0 
0 73 0 0 192 0 0 1 21 0 0 0 119 0 0 0 0 108 1874 0 0 0 0 0 0 15 0 0 0 0 0 0 0 0 0 
0 0 0 0 0 0 0 0 0 0 54 3328 0 0 0 0 70 0 0 0 0 0 0 0 0 0 0 0 0 323 0 0 0 0 0 
0 0 0 0 0 0 0 0 0 0 0 0 148 15 0 0 0 0 0 0 0 1809 0 0 0 0 0 0 0 175 0 8 0 0 0 
5024 1217 0 0 0 0 0 109 47 0 0 0 0 0 0 0 0 0 0 0 0 0 0 0 0 0 0 26 0 0 0 0 0 0 689 
