0 0 0 0 0 0 0 0 0 38955 0 0 0 0 0 0 0 0 0 0 0 0 0 0 0 0 0 0 0 0 
0 0 0 0 0 0 0 0 0 0 0 0 0 0 0 0 0 0 17848 0 0 0 0 0 0 0 0 0 0 16419 
0 0 0 0 0 0 0 13 0 0 0 0 0 0 0 0 0 0 0 0 0 0 0 41917 0 0 0 0 0 0 
0 0 7261 0 0 0 0 24234 0 0 0 0 0 0 0 0 0 0 0 0 0 0 0 0 0 0 0 0 0 0 
0 0 0 0 0 0 0 10593 0 0 0 0 21386 0 0 1 0 0 0 0 0 0 0 0 0 0 0 0 0 0 
0 0 0 0 0 0 0 2 0 0 0 0 0 0 0 0 0 0 0 14723 0 0 0 0 0 26970 0 0 0 0 
0 0 0 0 0 0 0 7765 0 0 0 0 0 0 0 0 0 0 0 0 0 0 23088 0 0 0 0 0 0 0 
0 0 0 0 0 0 0 0 0 2 0 0 0 0 0 0 0 0 0 0 37517 0 0 0 0 0 0 0 0 0 
29075 0 0 0 0 0 0 8496 0 0 0 0 0 0 0 0 0 0 0 0 0 830 0 1 0 0 0 0 0 0 
0 0 4846 0 0 0 0 22139 0 0 0 0 4730 0 0 0 0 0 0 0 0 0 0 0 0 0 0 0 0 0 
0 0 0 0 21013 0 0 0 0 0 0 0 0 0 0 0 0 29575 0 0 0 0 0 0 0 0 0 0 2 0 
0 0 0 35729 0 0 0 0 0 0 1 0 0 0 0 0 0 0 207 0 0 0 0 0 0 0 0 0 0 0 
0 0 0 0 0 0 0 0 36041 0 0 0 0 0 14348 0 0 0 1 0 0 0 0 0 0 1 0 0 0 0 
0 36456 0 0 0 0 0 0 0 0 0 0 0 0 0 0 0 0 0 0 0 0 0 0 0 0 0 0 0 0 
0 0 17569 0 0 0 0 16069 0 0 0 0 0 0 0 0 0 0 0 0 0 0 0 0 0 0 0 0 0 0 
0 0 0 0 0 0 0 0 0 0 0 26477 0 0 0 0 0 0 9203 0 0 0 0 0 0 0 0 0 0 0 
0 0 0 0 0 0 0 0 0 0 0 0 0 0 0 0 23038 0 13890 0 0 0 0 0 5 0 0 0 0 0 
0 0 8043 0 0 8622 0 0 0 0 0 0 0 18902 0 0 0 0 0 0 0 0 0 0 0 0 0 0 0 0 
0 0 0 0 0 0 0 0 0 0 51444 0 0 0 0 0 0 0 0 0 0 0 0 0 0 0 0 1 1 0 
0 0 0 0 0 0 36235 0 0 0 0 0 0 0 0 0 0 0 0 0 0 0 0 0 0 0 0 0 0 0 
0 0 0 0 0 0 0 0 0 0 0 0 0 0 0 0 0 0 0 0 0 0 0 0 0 0 0 0 32809 0 
0 0 0 0 7 0 0 1883 0 0 0 0 0 0 0 0 0 0 0 0 0 33196 0 0 0 0 0 0 0 0 
0 0 0 0 0 0 0 0 0 0 0 3 0 0 0 0 0 0 0 0 0 0 0 0 0 0 47545 0 0 0 
0 0 1399 0 0 18721 0 10850 0 0 0 0 0 0 0 0 0 0 0 0 0 0 0 0 0 0 0 0 0 0 
0 0 8434 0 0 31879 0 0 0 0 0 0 0 0 0 0 0 0 0 0 0 0 0 0 0 0 0 0 0 0 
0 0 1 0 0 0 0 13655 0 0 0 0 19563 0 0 0 0 0 0 0 0 0 1 0 0 0 0 0 0 0 
0 0 0 0 0 0 0 0 0 0 0 0 0 0 0 0 0 0 0 0 0 0 0 0 28229 0 0 19357 0 0 
0 0 0 0 0 0 0 0 0 0 0 0 0 0 0 15968 0 0 17102 0 0 0 0 0 0 0 0 0 0 0 
0 0 17760 0 0 8470 0 6201 0 0 0 0 0 0 0 0 0 0 0 0 0 0 0 0 0 0 0 0 29 0 
0 0 0 0 0 0 0 10397 0 0 0 0 0 0 0 0 0 0 0 0 2912 0 0 0 0 0 0 0 23902 0 
