0
1 2 3 4
5
6
7 8 9 10
5
11 12
13 14 15 16 17 18
19 20 21 20 19 22
23 24 23 23 23 23 23 25 26 13 13 13 13 27 13 23 23 23 23 13
28
29 30 31 32 15 16 33 16 15 15 34 16 15 35 16 15
0 0
36
37 38
39
40
14 41 14 41 14 14 41
42 43 44 45
46 47
48
49 50 51 32 30 31 31 31 51 31 31 51 52 51 51
0 0
15
53 54
55 56 57 58 57 58 57 57 59 57 60 60 58
61
62 63 62 63 62 62 63 62 63 62 62 63 62 63
64 65 64 65 65 5 5 5 5 65 64
66 0
67
51 30 68 68 68 32 69 32 68
70 71 72
73 74 74 74 74 74
75 76 77 5
78
79 80 81 81 82
83 84
85 86 85 85 87 85
88
89 59 59 90 89 90 91 90 92
93
94 95 95 96 94 97 98
0
99 100 99 99
101 102 103 102 104 104
5 5 5
105
106
107 108 109 110 111 112 108 113 112 114 112 114 115 112 116 112
117 118 117 117 87 87 119 117 117 87 117 87 117 87 117 120
121 122
123 124 125 126 127 128 129 130
131 132 133 132 134 134 135
136 137 138 58 136 58 58 58 136 136 58
16 139 15 140 16 16 15 15 15 141 16 15 142 16 143 144 15 142 145 16 15 145 15 16 142 146 142 142 146 142 146 142 142 146 146 146 142 15 146 147 142 15 140 148 148 15 132 122 132 132
149 150
151 152
153 154 155
156 157 156 156 157 156 156 156
16 16 158
159
89 160 161 89 162 161
163 164 165 164 163 166 167 166 165 166 165 165 166 168 165 169 165 163
170 171 172 171 172 171 173 171 171
174 175 174 174 174 176 176
177 178 178 178
179 1 180 181 182 181 181 181
183 93 93 183 183 184 93 183 183 183 97
185 185 185 135 185 185 185 185
155
59 59
0 186
187 186 187
188 189 23 93 143 190 143 16 16 16 191 191
192 155
193 194 194 195 194 193 194 194 59 59 194 194 196 59 194 59 194
197 198 199 197 197 200 197 201 197 197 197 197 197 202 197
203
204 205 204
206
207 208 207 209 207 210 207 211 212 213 207
74 74 74 74 74 74 74 74 74 214 74 214 214 210 74
215 216 216
217
218 133 218 218 218 218 218 218
219 220 220 220 221 222 223 220 220
224 224 225 226 224 224
227 228 228 228 228 228 228 228
229 19 229 229 229 229
230 231 232 231
233
234 235 236 237 237
238 239
240 241
0 242
243 244
245 246
247 248 248 249
250 251 252 252 252
253 93 254 255
256
181 257
258 259 179 181 260 181 260 260 261 179 181 180 262 263 264
265
218 266 267 268 269 218 218 218
122 122 122 122 122 122
270 271 272 273 274
275 276 275 277 275 277 275 275 275 275 275 275 275 278
279 59 51 280 148 148 279
281 138 281 138 138
87 87 282
193 283 194 195 284 136 59 285 193 194 59 194 194 59 194
286 286 287 288 146 289 287 290 291 291 286 291 286 286 291 286 291 286 74 291 291 286 291 257 292 98
275 293 294 294 275 295 294 294 294 296 297 59 275 59 275 294 275 294
122 298 122 122 298 298 299 122 122 94 300 122 298 94 122 122 122 298 298
301 302 303 304 305 301 39 304 242 242 301 301
15 33 15 306 307 308 309 307 310 309 308 306 15 309 16 143 15 306 15 311 15 307 309 307 189 15 306 189 306
312 279 313 312 132 279 314 132
315 16 316 317 318 319 317 16 16 317 16 33 320 317 317 16 320
321
322 322
323 323
258 324
325 132
170 179 173 326 327 180 328 231 0 182 182 182 182 329
215 215
42 330
74 331 331 331 331 331 331
332 333 262 93
334 335 335 16 16 336 16 335 335 337 337 338 335 335
339 283 193 340 215 283
341 5 342 342 343 341 186 341 342 342 341
344 345
93 93 265 346 347 348 347 265
349 350 351 352 351 353 353 353 354 342 353
355 356 357 215
5 5 13 358 359
360 361 138 362 360 362 362 363 361 138 362 361 138
364 365 365 365 366 278
367 368 369 370 367 371 372 131 367 367 367 372 367 371
339 373 215 374 339 215 373
375 376 377 378
379 0
312 312 380 132 51 132 132 279
381 382
240 383 384 257 257 257 384 257 257
322 385 93
368 371 372 367 367 372 367 367 367 367 367 367 367 367 367
155
250 386 387 388
389 390 138 391 389 138 389 391 392 138 392 138 392 392 393
11 394 395 396 397 395 398 395 399 395 399 395 395 395
400 132 401 132
402 402
403 404 405 406 9 407 403 406 408 409 210 404 410 410 411 412 413 414 415 416 417 404 406 418 418 406 101
419 420 420 421 420 422 422 420 420 422 420 420 420
423 424 425 426 427 426 427 426 176 176 427 428 429 427
430 431
136 137 432 58 136 58 433 138 58 136 58
155 434 11 435
402
436 437 438
186 401 439 440 440 186 138 441
442
443 444
445 446 447 448 449 448 448 448 450 451 451 446 451 451 446 452
453 454 455 455 454 456 455 455 455
457 457 458 457 458 253 431 430 457 253
459 257 257 257 408 460 461 462 461 170
131 463 131 131 131 312 131 132 312
464 465 465 466 465 465 465 466
467 468
253 469
470 471 470 18 18 472
0
473 474 465 474 257 257
14
475 476 477 478
89
479 465 480 465 465 465 481 465 342 465 465 465 482 465
449 367 367 367 367 367 367 367
483 484 485
132 14 132 14 132 132 486 139 132 14 132 132 487 487 131 132 401
250 488
489 490 491 491 51 492
493
494 367 495 496 495 448 497 42 498 499 495 500 501
186 18 18 186 186 186 186 502
274 14 463 132 148 273 272 14 463 14 132 51 148 273
503 504 247 505
506 506 506 18 159 506
507
275 187 186 508 509 342
510
463 511 512 400 512 39
513 514 515 513 468 516
13 517
518 519
520 28 28 520 28 520 28 520 520 520
253 521 522
523 524 525
14
526 270
451 527 527 528
262 529 530 531 532 533
534 400 28
535 536 536 262 537 536 538 538
539 540 540 540 540
16
82 541 542
543 543
136
544
93 545 93 546
16 15 15 15 15 15 15 404 547 15 15 410 15 15 15 548
549 550
367 551 367 367 372 367 367 552 367 553 367 455 372
554 555 256 556
557 558 557
14 140
559 559 186 186 560
561
14 562 486 486 18 14 486 400 51 51
563 564 565 19 566 567 487 487 564 568 568 564 564
569 569 569 569
390 484 570 484
571
89 89 92 89 92 138 138 89 92
572
573 574 315 575 576
577 578 579 580
581
582 262 583
159 159 487 487 584
170 585 172 586 182 326 585 587 170 588 585 585 588 448 171
589
590 591
440 440 440 592
463 148 148 148 463 148 148 463 39 593 593 148
594 595 596
262 19 597 262
598 599 385
600 601 559 559 559
602 603
604
605 606 607 608 257 257 607 257 609
610
611 250 182 182 612 182 182 612 182 613 612 612 182 182 612 487 487 182
596 581 596 614 615 616 441 617 618 619
244 596 581 596 614 615 616 441 617 618 619
620
621 622 623
624
625 51 626 627
628 0 0 0 0 629 596
630 210 11 631 221
632 633 634 633 635 634 634 633 636 633 635 637 635
638 639 639 640
641 14 642 643 18
644
645 646
617
647
262 221 648 649 650 593 471 471 471
415 651 483 415 415 415 94
32 18
652 652 652 652 652 652 652 652 652 653
654
655 656 656 657 658 658 18 656 658 658 658 659 660 660 658 16 661 658 16 658 656
250 662 250
19 19 663 664 663 664 664 665
132 666 666 132 512 666 51 666 132 132 666
93 265 347 93 346 347 265 93 347 93 347 93
64
667 668 495 669
18
437 670
671 296 672
0 0 0 0 656 0 186 0
32
673 674 447 447 447 447 675 676 447 447 447 675 447 674
677 404 678 679 680 404 678 681 221 682
683 74 683 684 683 685 312 686 312 132 132 132
687 688
93 93 93 93 93 93 93 93 93 93 257
689 117 117 690 117 117 691 117 692 117 117 692 117
693 51
262
507 694
695
106 18
138 138 138 138
16 696 697
274 274 148 463 148 148
262 698 699 698 402 698 402 699 698 699 698 402 698 402 699 402 699 700
279 683 683 279 683 279 683 683 279 683 683 279 701 683 148 132 683 683 279 134 279 279
51 51
702 703 702 703 704 189 705 706 707 703 708 704 709 703 702 702 703 703 708 710 702 702 703
186 186
711 712
274 274 132 132 713 132 132
714
253 715 716 716 716 138
640 262 717 262 718 717
719 51 720 719 719 719 719 719 719 719 719 719
473 721 722 723
14 132 132 132 724 132 51 132 132 51
15 15 15
262 725 726 726 725 727 728 210 11 631 221 729 210 730 221 729 210
731 732
270
733 734 501 734 138
662
262
735
560 736
440 440 737
5 5 5 5 5 738 5
89
739 23 740 740 740 741 33 742 18 743 403 744 18 16 403 16 745 16 16 745 746 741 33 16 33 16 741 747 748 749 122 16 740
484 750
751 752 753 404 754 755 682
756
757 253 253 758 759 262
93 760 93 761 93 93 93 93
285
16 16 16 16 762 16 16 143 16 763 143 143 143 33 16 143 317 16 317 16 143 143 143 764 143 16 16
317 309 16 145 317 16 765 766 766 767 743 16 768 768 769 768 768 15 15 15 16 15 16 16 15 15 768 768 16 770 262 16 317 768 16 16 16
0 728 210 11 631 221 729 210 730 221 729 210
253
401 771 772 494 494
495 773 773 774 775
776 777 778
779 779 779 779 780 779 779 781 779 780 779
782 783 559 186
784 785 786 787 788 789
790 600 790 790 790 134 790 134 791 52 790
792 793 792 792
794
193 795 159 218 218 796 218 16 159 218 797 798 799 800 218 798 159 218 796 801 218 159 16 796 218
18 231 0 483 802 803
138
509 804 805 806 807 142 182 182 509 808 509 509 182 182 182 182
36 36 36 809 36 810
811 812 741 140 51 812 813 142 140 16 143 337 814 815 270
816 250 817 818 819
820 821 822 822 822 782
491
18 823 823 392 824
579
825
808 826 16 16 482 16 16 16
441
322
827 828 829 829 186 830 186 829 186 831 831 828 832 538 415 832 832 833 832 832 828 834 828
14 728 210 11 631 221 729 210 730 221 729 210
835 836 837 838
839 401 839 5 0
840 210 841 842 507 840 210 840 843 844 845 49
32 401
197 198 199 197 197 200
189 846 846 13 847 186 186 600 186 848 187 186 13 848 849
850 579
262 221
266 193 851 218 218 218 852 218 218 851 853 851 853
854 711 181 182
186 187 186
855
856 857 858 859
860 239
861 862
863
82 250 864
865 250 866 867 868 869 870 19 871 253 872 873 874 875 876 877 878
262 879 262
880 250 880 881 882 882 883 883
884 885 886
51 132 93 122
262 887 888 888 889
890 891 890
468
892 128 893
93 652 122
349 894 737
32 32 298 895 31 32 895
896 805 142 805
897 898 899
900 901 902 903
401 904
905 906
907 908 908
909
910 322 322 322
325 19
262 911 912 913 342 262 914 186 914 18 342
317 915 916 812 18 318 334 75 88 917 16 143 317 143 918 15 33 76 919 16 15 16 920 15 919 16 16 16 16 16 16 16 16 920 920 920
265 93 265 546 93 93 93 93 93
921 922 922 923
924
925 926 927 928 128 929
930 931 932 933 934
253 253
250 935 936
937 938
926 939 940 941 942
943
944 945 946 947
948 949 950
951 952 953 954 954 955
262 956 221 957
262
521 250
757
958 325 959 960 961 42 503 662 262
962 963 129 964 965 940
966 250 250 967 250
968 969
521
970 971
972 973 974 975 976
521 977 640 250 19 978 662 979 980 250 640 19 978 590 981
982 618 618 618 983
984 985
986 42 530 987
988
989 590
990 963
991 992 991 991
951 993 994 995 996 256
997 495
998 999
1000 250 1001 250 250
495
991 262
253 253
1002 1003 1004
1005 1006 1007 1008
250 1009 1010 1011
262
1012 1013 934
250 521 1014
1015
250 256 1016
1017
934 1018 1018 1018 1019
986 1020
1021
1022 1023
1024 1025 1026 223 1027
1028 521 1029
1030 1031
1032 1032 1033
958 599 262
1034 1024
1035 1024 1024
221 1036 1037
739 1038 1039 1040
1041
1042
1043 1044
11 1045 1046 1047 1001 1048
1049
1026 1050 1051 1052
1024 1051 1031
1053
1054 1055
50 1056 1057 1001 1058 1057 1056 1001 1059 1060 1001 1061 1062 1001
1063 129 1064
521
50
1065 1065 1066 1065 1065 1067 718 1065 1066 1068 1069 1065 1066
1070 1021 221 1071 1021 1021
1072 70 1073
1074 1075 1076 521 1077 521 1078 1079 1080 1081 1082 1083 1075 1076
1084 1085 1086 42 1084 1086 1087 1088 1086 1089 1086 1086
1090 1091
1092 1093 1094 1095
250 1096 1097
50 1098 1099 1100
1101 1058 1102
1103
1104 221 1105 1106
1107 1108 1109 1110 1111
1112 1113 615
11 11
1114 1115
1114
1116 1117
1118
1119 1120 1121 1122 521 259
982 1123
1124 1125 1126 1127 1128 1129
1130 1024 1131
590 1132 1133 1134 1135
1136 1137 1057 1137
1138 11 1115 1139 1138 1138 1138 1138
221 1106 221 1105 1106 1140 221 1105 1140
1141 1142
1143
1144
521 521 521
1021
259
11 1145 1145
1146 1147
1148 1148 1148 1149
1150
1151
1152 1153 1154 1155
1156
1157
1158 640 521 521 640 640 324 258 1159 1160 521 1161 1162
1163
524 1164 1165 1166 1167 1164 1168 1169 1170 1171 1164
1172
1173 1174 1175
1176 1177 1178
1179
1180 1180 250 1181 1182
1183 1183
1184 473 1185 927
1186 1187
1188 1002 1189 521
11 1115 1190 1191
1192 1193 1193 1194
590 1195 590 1196
1197
1007 1198
1199 1200 1201 1202
106 1203
1204 1205 1206 1206 1207 1208 1209 165 1209
1119 1022
1210 1211 1212
106 1115
1213 1214 1214 332 1215 1214
982
1216 1217 1218
521 1219 1220 1221 1222
1223
1224
404 404 1225 404 1226
1104 1227
1197 165 1228
262 262 1229 132 381 262
404 404
1230
1231 1232 943 1231 1233 1234 1235 1236 1237 165
957
1238
707 1239 513 513 1240 1240
1241 1242 1243 596 349 1244 1245 1246 198
544
1114 1247
404 1248 1025 1025 1027 262 1249 1250 1027 1027
1001 1251 1252 1253 11
1224
1129 1254 707
1255
262 1256 1257 221 991 262
1114
1258 1224
11 1115 11 1115
1259 1260 1261 1024 1261 1260 1259 1261 1260 1262
1094 1263
250 250 1264 1265 1266
1140 1267 1267 1140
1190 1190 1224 1190 1224 1224
1268 250 1269 1269
250 1270 262
1224 957
473
50 1271 1272 1273
1153
1199 1274 1275 1201 1276 1224
1277 262
837 1224
1115 1115
230 473 1278 1279 1280
1281
1021
1224 1190 1282 1283 1224 1224 1224
262 1284
718 718 718 473 1285 13 1286
473 941 1287 1288
473 1289
1197 1197
1290
473
507 1291 1292 507 991 1293 1294 991
951 1295 1296 1296 1297 1296 1296
1298 1299 1300 1301 262 262 262 262 1300 50 262 262 262 262 1302 718 262 718 1255 259 1303 1304 1305 1306 223 1307 707 1308 1309 1310 1311 1312 1313 1314 1315 1316 1317 1318 1319
1320 1320
1321 1321
50 1322 50 1323 1322 1322 1322 1001 1001 1001
1324 1021
221 1105 1203
1325 1326 1327 246 1328 1329 1153 221 1026 1300 1330 1331
413 1251
167 1332 1333 1334 1334
11 1335 1137 1197
1336 1337 1338 1339 1340 1341 1342
11
1197 1343 1344 1197 1345 1223
1346
1347 165 1348 1349 1350 1351 1352 1353 1314 1354 1355 1356 1357 1358 1359 1360 1361 639 1353 1314 1362 1253 1363
1364 1365 1252
1190
1366 590
128
1367 1368
1369 1370 1371 1372 1373 1374 1375
1376 1377 1378
1379
1369 1380 1381 1382 1383 1384 1383 1385 1386 1385
1387 1388 1389 221 590
1390 1391
1369 1392 260 718 1393 1394 1395
1396 1397
1398
1399
1400
128 1401 256 1402 1255
1403 1404 1404 1405 1406 1407 1408 1404 1409 1403 1406 1410 1408 1411 1405 1412
1413 1414 1414 1415 1414 1416 1417 1413 1414 1418
1419 1420 1420 1421 1422 1423 1424 1423 1425 1421 1426 1427 1428
1429 549 1430 973 1431 1432 1433 1434 1432 1433 1435 1436 1433 1436 521 1437
1404 1404 1403 1403 1404 590 1404 242 1403 1403 1403
1438 1439 1440 1441 1439 250 1439 1439 1439 1439 1439 1439 1439 1442 1439 1439 1443 1444 1439
1445
1446 1447
1404 1403 1404 1403 1404 1403 1403 1403 1403 1403 1403 1448
1449
262 966 743 381 1450 1451 1452 262 934
1453 1454 1453 1454 1454 1453
1455
1404 1403 1403 1456 1403
1457 1369 1458 1458 1459
1460 1460 1461 1461 1461 1461
1446 1446
1462 1463 1464 392 1463 1465 1463 1446 1463
1466 1467 1467 1468
1469 1369 1470 1471 1472 1391
1416 1473 1474 1473 1475 1474 1476 1477
640 495
1478 132 132 132
1479 966 1480 966 1480 966 1480 1481 1480
1482
1483 1484 1485
1369 1486 1486
262 1487 250 1488 19 253 1489 250 70 1490 1491 1492 1493 262 1494 1495 19 1490
1496 1497 1498 1499 1500 1501 1499 1502
897
521
590 1503
1482 1504 1504 1504 1505 1506 1507 1508 1509 1377 612 1510 1511 1512 1513 1514 1504 612 1504
1369 1515 1516 250 262 1517 1518
1519 1482
1520 1420 1521 262 221 1423 1521 1420 1522 1423 221
1523 1523
1524 1525 221 449 1526 590 1526 966 801 1527 966
1528 1529 1530 1531 1531 1531
1369 1404 128 1532 1403 1404 1533 1534 128 1403 1403 966 128 1532 1404 1504
1535 1393
707 1483 1484 1484 1536 1484 1485
1483 1537
1538
1539 1540 1479 1541 1519 1405 656 1504 221 656 262 1519 1542 1543 1405 1458 1543 656
1544 1545 1523
1546 1547
1548 1549 1550 1551 1548 1550 1550 1548 1552 1548 1552
898 1553
1554 1555 1556
1557 1558 966 1559 1560 966 1561 1560 1562
1381 1563 1564 1381 1565 1566 1567
1568 1568 1569 1467 1570 1571 1571 1572 1573 1574 1572
1575 718 1576 414 1577 70 216 1578
1519
1579
1580 1504 1581
1582 1467 1467
1483 1583 1483 1584 1484 1585
1369 1586 1519 1413
1369 1587 1482 612 612 612 612 1588
1505 1369 1519 1589 1505 958 1590 1591 1589 1591 1591 1592
1593 1594 1595 1594 1596 1597 1594 1598 1594 1594 1599
1600
1601
1602 1603 1604 1602 1602 1571 1602 1602 1602
1605
1606 718
1446 1607 1608 1609 1446 1610 1609 1611 1612 1610
1613 1614 1614 691 1614
1615
1369 1460 1616 966 1617 1618 1619 1461 1242
989 989
260 1620 1621
898 1622 1622 1623 1623
1369 1486 1519 1486 1624 1625 1626 1486
1531 1531 1531 1531 1446 1531
1369 1627 1519 1628 1613 1629 1613 1630 1613
1631 1391 1391 1632 1633 1633
1634 1631 1635 1631 1636 262 590 221 1144 1094 1637 1127 1638 1631 1639 943 1640
1641 1642 260 1620
1643 590 1644 1643 1645 1646 1647 1648
1649 1650
1391
1651
1652
1425 1653 1654 1655 1656
1657 1519 1568 1658 1623 1591 1659 1591
1425 1660
1523 1661 1544 1662 1663 1661 898 1661
1664 1664 1446
1665 1666 1667
590 1668 1669 1501 1670 1623 1671 1501
1458 1559 1672 1506 1366 1459 300 1673
1470 1674 1675 1531 1676 1531 1677 1678 1679 1680 1681
1682 1683 1684 1685 996
1271 943
1369 1686 1687 1688 1403 1688
1689
1690 1591 1591 1691 1591 1692 1591 1693 1693 1694 1519
943 1271 1695 1695 1696 1697
1446 1446
1468
256 1698 1698 1698 256
1688 1627 1699 1700 1613 898 1446 1650 1701 1525 1686 898 897
495 640
1702 1703 1702
1704
1369 1383 590 1383
1416 1369
1705 1706 933 933 1707 933 1240 933 1708 933
1369 1519 1153 1709
1505 1405 1710 1127 392 1127 392 1711 1712
1713 1470 1714 1715 590 1716 590 1717 1718 590 1719 590 1720 1721 1722
1723 1724
718
991 991
1725 1726 1727
1728 256 1728 1728 1728 1728 1728 1728 1728 1728 1728 1729
1378
1730 963
250 1731 1732
1733 1729
1727 1734 1378
718 1735 1728 262 1728 1728 1728 1728 1728 1728 1728 1728 1728 262 1728 1736 1737 1738 1728 1728 1728 1728
1739 1197 404 1727
966 991
1740 98 1741 1742 1026 1378
1743 1744 1745 1190 1746 1747 262 19
1748 991 966 1749 992
1048 991 1750 1048 1750
1728 1728 262 1728 1728 1728 1728 1728 1728 1728 1728 1736 1737 1738 1728
1751 1732 1732
1378 1752
1048 1048 1048 1753
1754 1755 1755 1755 1755 1755 1755
1743 1756 221
1728 1728 256 897 1048
1757 1758 1759 1759 898
1378 1760 1761
1731 221 1731 1762 1731 1731 1731 1763 1764 1765 1766 221 1731
966 250 1767 1768 1769
1770 1770 1770 1770 262 1771 1770
1772 1772 1702
1773 262 1743
1378 1774 1775 1776
1748 991 966 1749 992 1748 1777 42 1748 991 966 1048
1778 966 1779 1780 966 1779 1780
1755 262 1755 1755 1755 1781 1755 262 1755 1378 262 1755 1782
1727 1783 1755 1731 1755 1731 1731 1731 1784 1785 1786 1731
1787
250 1788 1789 1790 1790 1790 1791 1791 1792 1793 1790 1794 1790 1795 1790
230 1214 1796 1796 966 1797 1028
1378 1755 1798 1378
262
1728 256 1799
991 1800 1801
1731 1776 1731 262 262 1802 1731
992 991 1803 1804 1805 1806 250 991 991
1773
262 1807
262 221 1144 1127
992 1808 966
966 1809 991
992 991 250 991 991 1810
1807 1811 1812
1048 1048
1772 1772 1728 1048
1813 1814
1728 1728 1048 1815 966
1763 1731
1743 1816 1817
992 966 966 966 966 1818 966 966
1739 1819 1820 1821 1197
1378 1776 1776
1822 1823 262 262 1733
1257
1807 1812
1702 1824 1824 98 98
1773 1743
1743 1733
1825 1826 1827 1827
1197 1828 106 1829 392 1830
1230 42 966 966 966 1831
1832 262 250
1755 1755 1755 1755 1755 1755 1755 1755 1833
966 966
966
1743 262 19 1814
1755 1755 1755 1823 1755 1755 1755 1833
1048 943 1834 1835 1836 1837 1834 324 1834 1838 943 1834 324 262 324 943 1839 1840 324 262
1841 1842 262 1843 262 1816
1751
1726 1727
1825 1813 1844
1751 1378 1732 1755 1732
1772 1772 1845
1048 1846 262 1048 262
1847 1847
1830
1378 1378 1378 1048 1048 262 262 1048 1378 1048 1048 1048 1378
1848
1849 262
1850 1725 1851 1850 1725 1852 1853
1378
1017 1854 1855
991
718 1826 1826
991 991 991 991 991 991 991 966 991 991
1048 1048
223 1856 1857 1858 974 1859 991 991 734 734 966 1048 734
1048 1753 1048 1048
1728
1807 262
1860 1194 1194
1048 1048 1048 1048 1861 1048 1048
1832 262 262 978 1862 1863 1441
1755 1731 590 1755 1731 1864 1864 1865 1866 1867 1868 262 1843 262
1869 1378
262 1870 1813 262 1813 1058
991 991
1871 262
1731 1872 1731
1755 1731 1732 1503 1776 1755 1755
1848 718
718 1728 1731 1731
1048 1048
1048 1873 1048 1146 1048 1048 1874
1875 262 1871 19
1755 1755 1755
1755 1755 1755 1755 1755 262
1146 1048
1198 262 250 734 734 991 1198
1048 1048 1048 1048 1048 1048 1048 1048 1048 1048
1875 1875
1876 1369 1877 1878 1377 1877 1879 1880 1691 1880
1378 1847 1755 1731 1732
262 1230 1487 1881 1748 1882 1739 1883 1230 1739 1748
1048
19 951 1884 978 1812 262
1048 1048 1048
1875 1875
1755 1378 1731 1731
1800 992 262 1487 1487 1230
656 1885 1587 1886 1887 1888 1153 1889 1890
1048 1891 1891
991
1270 1892 1270 262 966 1893
1378
1894 1736 1894 1755 1755 1895
1896 1896 1896 1896 1896 1230 991
1897
1832 1369 1898
1834 19 253
1899 1770 262 1770 1007 1900 262 1770 262
1901 1902 1903 1904 1902 868 1905 1716 1906 1902
991 991
1048 1048
1048 1048 1907
262 262 262
991 966 42 1230
262 944 1770 1770 1770 1908 1770 1728 1728 1770 1728 1728 1909 1770 1770 1728 1770 1770 1743 1770 1770 1770 1770 1770
966 966
1910
937 1727 1911 1048
1048
262
1912 1748
1728 256 1728 1728 1728 1728 1728
1048 1048 1048 1048
1743 1913 1770 325 442 1914 325 259 1770 1770 1915 897 1916 1770
19 1654
262 1911 1911
1378
1831 1831 1831 1749 1048
250 1917 1918
1728 1728 1728 966 1728 1728 1728 1807 1728 1728 1919
1743 262
1048
1920 1753
1048 1048 1048
991
1048
1921 262 1921 1921 1922 1921 1807 1910 1729 1921
1728 897 1654 898
966 1923
1048
19
1924 262 1925 1924 1048 1018 1018
1048 1048 1048 1926 868 1927
1048 1753 1048 1875 1048 1875
1831
1048 1928 1929 1930 951 1194 934 1048 1048 1048 1929 1931
1932
1378
1048 1933 1048 1934 1048 1048 1048
262
1770 1935
966
1048 1048 1048 1048 1048 1936 1048 1936 1048
1048 1048 1048
1937 1048 1048 991
1048 1938 991 1831 991
1048 1938 991 1831 991
1146 1146 1146
1939 1940 1941 1713 1942
1943 1048 1748 1944 1945 1946 1943 1947 1948
991 991
1378 1731 1731
1949 1727 1251 1950 1798 1755
1770 1743 1913 1770
262 1822 262 19 1951 1455
1048 1048 1048 1048 1048 1927 1048 1048 1048 1952 1953 250 1834 960 262
1378
1949 1727 1251
1048
966 1048 1748 1748
1887 1954 1954
1955 1956 991 951 1957 1958
1728 1048 1728 1728 1728 1959 1728
1378 1378
991 991 1203
1755 1755 1755 259 1731
1378 1960 1378 590 1378 1378 1378
1961 966 1962
1963
966 1888 966 966
1378 1776
1637 1964 521 1965 1966
1378 1842 1378 1378 1743 1728
1728 262 1967
1968 1968 381 1969
1378 1798 1732 1731 1378 1755 966 1755 1378 1755
1812
1048
262 1970 1397 262 1971 1972 1807 1973 1397 262 1974 262 1975 1976 331 1975 221
1048 1977 978 1978
1755
1770 1048
1755 1755 1755 1755 259 1755
1979 1979 1979 898 1979 1979 1979 1048
1048
1048 1048 1048 1048 1048 1048 1770 1979 1980 1048 1048 1048 1048 1048
1848 1981
662 1807 1743 1770 1770 1728 1979 1980 1982 1807
250 1983 1984 1984 250 1984
1985 1986 1770 1770 1770
1987
333
966 966 992 966 966 1988 966 966 966 966 1989 966
1048
992 991 262 1990 1991 1992 1993 1994 554 1748 1990 262 262 1990
1995
966 1048 1048
1048 1996 1997 656 1996 1998 42 1539
1999 1999
2000 991 2001 2002
966 991 927
957 1048
1599 250 2003 2004 2004 2005 926 2004
19 262
1728 1146
992
1148 1144 2006
966 966 966 966 1048 1831 966 2007 966 966
1048 1048 1048 1048 1048
991 992 1432
1172
1048 2008 2008
1264 2009 2010 2011 2010 2012 2010 2010 2010
1048 1048 1048 1847
1048 1048 1048
2001 2013 2014 2015 2016
1779
966 966 966 966 966 966 966
1048 1048 1959
1980
1048 1048 1048 1048 1048 1048 1048 1048
991 2001 989 991 991
966
992 2017 2018 2019 992
1230 991 2020 991 991 991 991 991 2021
1702
2022 2023
2024 2025 2026 2026
1779 2027 1779 2028
1048 1048
2029 2030
1935 1935 1935
2031 2032 2032
1048
1048
262 2033 2034 2035 2036
1048 262 1048 1938 1048 1831
2037 2037
1048
991
992 991 991
2038
2039
1728 1728 948 1728
991
966 2040 991 951 991 1769 2041
1146 262 1146 1771 2042 1146 1146 262
966 966
2001 438
1255 2043
1048
2044 1156 349 404 1755 262
1985 1807 1455
262 1048 1048 1048 1350 554 1494 1048 1887 2045 2046 1048 1048
324 1159 2047 934
966 966 1797 966 2048 966 2049 2050 966
1048 2051 1048 1048 1048 991
1908 1846 2052
1048 1048
262 1959 2053 1959 2054 1959 262 1959 2055 1959 718
2056 2057 1956 1880 1467 2058 1739
2059
992 991
1770 1770 262 262 2060 1799 1702 1799 1770 19 2061 1799 262 1770 1770
1048
1048 1048 1048 1048 1048
2062 2062 1779
250 2063
1924 262
1048 2064 1048 2065 2066 2067
1048 1048
1048
991 262 991 1755
1048 1048 1048 1048 1048
1753 1048
253
2001 1788 2068 2069 2070 2068 2071 2072 262
11 404 2073
250 2074 2074 256 2074 1158 2075
2076 2077 2077 2077 2078 2077 991
2079 1779 1779 2080 951 1779 2081
1048 2082 1048 1048
1871 1018
991
1980 1921
1048 1048 1048
1048
2083 991 991
992 991 966
991 1146 2084 1048 1780 1007 2085 2086 991
958 1757 2087 262 718
1048 2040 1780 966 991 2088
992 991 262 991 262 2089 2090 262 1369 1686 2091 2092 718 2093 2094 590 1152 2095 2016 2096
1048
1780
992 966 966
991 992 230 2097 1048
991
1956 1743
1048 1048 1048
1048 1728 1048
991 991 991 2098 2099 250
1779 1779 2100
2101 951 2102 262 1048
1264 1780 1048 1048 1048 1048 1048 1780
324 521 2103
1779
2104
1048 1048 2105 2105 2106 2107
991 991 2010 1779 2108 2010
457 991 991 457 991 2001 457
1048 1938 1048 262 1882 1048 262 2109 2110 1048
1048 1048 1048 1048
1048 1048 1048 1048 1048 1048
1780 1935 1935 1935 1935 1935 1935 1780 2111 1048
1779
991 991 2112 457 262 404 2113 2114 991 221 991
992 991 2062 960 2115 1020 149 2116 2117 2118 979 2119 262 991 2120 262 1048
262 1739 2121
1378
1935 1935 1780 1935 1935 1780 893 2122 1935 2122 1780 1935 1780
991 991 2123 991 991 991 991 2001 927
262 1048 1048 1048 1749 1048 2124 1048 1007 1048 1153 1232
991 2007 991 1847 2125 2126 1683 2127 1432 991
2010 1048 1959 2010
262 262 1755 2128 262 2129 262 2130 2130
991 991 991 991
221 1044
2131 521 2131
1831
2132 2133 262 262 2133
1770
2134 262
951 2135 2136 951 1048 1146 1146 1048
992 1788 991 250 2001 2001 262
992 991 991 991 2137
1378 1378 1755 262 937
991 1048 1048 1048 1048
457 991 262 2138
1048 1780 1048 1048
992 991 966 991 19 262 1834
991 991 991 991
1048 1959 1048 1048 1048
992 991 991 991 2062 960 2115 1020 149 2116 2117 2118 979 2119 262
934
1770
2139 991 2140 1203 991 2140 966
1831
2141 262 992 2142 262
2143 991
2144 960 2145 2146 1641
2147 2148 2131 2149
992 991 2150
1248 1705 1705 2151 1001 2152
991
992
951
898 2153 1780
966 1656
992 991 991 2154
2155 1748 262 2156 2157 2158 2156
262 1487 966 2159 2160 1487 1739 262
262 1733
262 1487 230 1487 1048 1487 966 262 1487 966 2159 2160
250 1800 2161 991
991 991 149 1476 2162 1779 934
1848 718
1800
992 991 991
2163 2164
2165
966 966 966 966 966 966 966 966 966
1739 262
991 991 2166 991 2166 991
2167 991 991
966 1048 1048 966 966
1369 1898 2168 2169 2168 262 1748 2168 221 2168 2168 1230 966
991 991 2123 2170 2171 2172 951 262 2173 991 991 991
2174 767
927 2175 943 2176 2177 2178
1146 1146 1146 1146 1146 1146
966 262 230 2159
2179 262 250 19
1755 2180 2181 1755 2182 1755 2183 1911 1911
1048 1048 1048 1048 1048
2184
1146 1146 1844 1146
992 966 991 230 1739 1230 1728
1732 1732
1959 1813 2086
2185 2186 2187 1843 2188 1843 2189 2190
503 2191 640
1788 991 1728 2192
2193 262
128 2194 640 2195
2196 2197 1831 262 2198 934 1831
2199 2200 2201 963 2200 2202
1872 2203 2204
262 2205
640
992 991 991 991
1910 2206 1910 1910 1771 1910 1910
2207 2208
1146
2209 1771 2042 1771 2209 1733
1048 1048 2210 1743
2211 2212 2212 1602
966 991
2213 2214 2215 1048
991 991 991 991 2216 991 991 2001
70
973 1146 1146 1146 1146
992 262 991 250 262 2217 262 991 250 262 991 262
1048 1259
2218 262 2219 262
1146
2220 1519
1048 1048
1203
992 991 991
1772 1772 934 1772 325 1772 1772
2221 1378 1378 2222
1048 2223
951 992
2224 1728
1980 262 262 1980 1733
991
1025
718 262 262 2225
262 1780 262
1048
262 1980 1910 1048 262 2226 2227 262 89 1921
2228 898
2229
934
2230 1728 2231
1770 262 1770 1770 1799 1770
262 332 19 958 262 2232 2233 2234
1728
1146 19 19 2235 1146 1146 1146 1048 19 1146 2236 2040 2237 1146 1146
1982
2018 1048
1048 1980 1728 1048 2238 966 1048 2239 2240 1146
1146 1048 1194
992 1048 718 1247 262
262 262 262
1959 1959 1959
1982 1728 1979 1959
1980 1728 1982 1979 1048
262 262 974 404 1733
1772 1229
1146
1946 2241 2242 2243
2244 2245 2246 1048
2247 1727 2248 2247 1048 1048
2249 2250 2249
2251 2135
944 1770 2252 2252 19 1770 1194
1812
554 1048 927 1048 1048 1048 2253 2254 2255 1264 2256
1026 2257 2257
992
1728 1728 1985 1807 1728
2258
2259 2260 979 958 1494
2261 898 262 1771 2042 262 1146 2262
1048 1048 1048 1048 1048 1007
1255
1780 1729
2263 2264 2265 1910 2266
1796 1058 992 958 262 262 2267 2268 2269 262
1048 1048 1048
262
992 1048 1048 1823 1048 1048 262
1255 262 1727 262 1978 262 1727 262
992 991 991 2270 991
1048 1048 1048 1048
1780 2271 2272
2273 1146 1146 1146 966
1825 1826 2274 1826 554 2275
1865 1393 1393 2276 2277 966 1600 2276 1414 1414
2278 2279 2280
1743 2281 1048
2282
1447
640
2283
2284 2285 2284 2284 2286 2287
2288 2289 2288 2289 250
1918 2290
572 572
2291
2292 2292 2293
2294 2294 2295 2296 2297 2297 2294 2298 2297 2295 2299 2300 992 2294 2294
2301 63 927
960 2302 2303 2304
2282 2305 2306 2307 2308 2307 2307 2308 2307 2308 966
1048
2309
951 521 2310
1203 2311
2312 2313 2314 2313 2315 2316
640 1494 19 250
870
2317
1769
2318
870 2319 2309
2320 1230
70 2321
2322 2323 2324 2325
2145
2326 256 521
640
1203
2327 2328 2329 2023
262 2330
2331
1416 2332 2333 2334
1024 2335
2336 2337 2338 870 2337 2339 2320
960 2303 2340
2341 2342
2343 2344 2345 2346 958 2347 1612 2348
2349 1009 2349 2349 2349
1075
2350 2309
2343
2351 2352 2351 2351 1153
2353 2354 1436 2355 1436 1436 1436 2356 1436 2357 2358 2359
1369
2360 2361 2362
963 2363 2364 2365 2349
2366 1955
262
1370
128 2367 2368 2367 2367 640 1820 640 2367 656 2367
262
870
1494 2366 2369
1612
640 640
2370 1005
2371 2372 2373 2372 2372
521 1009
1494 2374
2375
2376 258 2377 1834 1001 2378
1203
1423
381 2379 2380
2381 2382
952
2383 2283 870
2384 262
2385
2386
1423
2387 2357 927
2388 2389 2390 2391 2389 117 117 2390
1445 2316 2316 1005 1445
149
590 11 2392 1197 2086 106 1197 1197 2393 1197 404 2394 1197 165 165 1197 165 2395 2396 50 2397 155 1197 106 106 905 2398 2399 2400 106 2401 2402 106
2403
2404 2405 2405 2405 2405 2406
2319 870
640 2407
250
541 262 590 2408 2409
1075 2410
262 2411 2412 622
521 2413
262 2411 2414 2415 2414
2316 1445 1445 966 2316
2309
1697 1828
2416 2417 2417 1174 2418 2417 2417 2417 2417
866 960 250
262
250 521 2419 2420
2343 2344 2345
2421 2422 2349 2349
2316 2316 1445 2316 966 2423 2316 2316
2424
2425 2425
521 1705 2426 2427
2316 1445 966 966
2295 2296 2296
640 250 262
521
2428 2315 2429 2430 2431 2432 1692 2433 2434 2435
2436 2050 2050 2437 2438 2439 2050
2440 1945
2348 2348
640 640
2441 2442 2443
2444 495 2309
2445 2446 1022 2447 2448 244 42 2449 250 2170 2450 1441 2451 2452 2453 2454 2455
1445 1445 2316
521 2456
2457 1381 1370 2457 2457 898 1381 2457 2457 2457 2457 2457 2457 2457
2458 2459 2459 2459 2460 2459 2461 2462
2463 2463 1203 2463 2464 2464 2315 2464
128 2465 2466
2467
2468
1398 2469 2469 2469 2470 2471 469 2472
590 449 221 2473 2474
2475 1414
2476 788 788 788 788 788 788 788 788 788 788 788 788
521 2477
2478
1888 866 2479
2295 2295 2480 2296 2481 2296 2296 2296
253 2482 253 2483
986
2484 2485
2486 262 2425 2487 2488
2298 2298 1275
2489 2490 2491 2492 2493 2494 2495 2496 2497 2498 2499 2500 2501 2502
951 2503 2504 2504 2505 934
2506 2507
2508 2509 2510 2510 2511 2512 2513 2513 991 2498 2513 260 1620
880 2514
1918 2515 2516 2517 2517 2517
2518
325 2519
1697
2520 2521 253
2518
2522 2523 2522 2524 992
2425 2425
2525 2526 1887 2527 262 2527 2527 2527 128
2426 521 2528
2529
521 2530
1416 2531 2513 2513 2513 493 2532 2513 2533 2513 2534 2524
2425 2425
870 2535 2536 2537
149 149 521 2538 2539
2540 1918 2296
951 1001
2541 1476 2541
2283
521 2542
521 2543
590
554 554
1440 1440 1440 1440 1440 1440 1440 1440 1440 1440
2544 2545 2544 2544 2545 2546 253 2545 2545 2544 1865 1865 1377 2547 2544 2545 2545 2545 2545
521 2548 2549 1257
2329
2550
2551 1257
2552
2553 2295 2296 2296
1017 2554 2554 801 2555
1416 2297 2298 2298 2298 2298 2298 2298 2298 2298 2298
2556 2556 284 2309
2557 2558
2559 262 2560 2561 262 2562 537 253 2488 262
521 2563
1888 1493 521
70 2564 1006 2025 2565 2025 2566
2387 2357 2329 2567 2568 2568 2329 2567 2568 2567 2569 640 2568 2568 1005
42 42 2570 1848 42 2571
495
2425 2425
521 2572 2515
128
2573 260 2573
521
1834 2574 2575 262
2283
640 2341 2080 2576
2577 2578 2439 1811 2439 936 2439 2439
2309
1968 927 2579
258 521
2283
521
262 262 250 256
2283 2341 1834 89
2309
2295 2296 2296 2294 2296 2294 2296
250 2580 2581 2582 2583 2584 2585 2584 2584 2584 2586
2587
1416 2588 2589 2506 2588 2506 1982 2590 2588 2591 1982 2588
2518 2592 2593
521 2056 2377
2594 2594 2594 2594 2595 2594 2594 2596
2309
2597 2598 2599 2600
2387 2357 2601 1831 2309
2602 2515
2603 2604
2605
2606 2607 1439
521 2608 2609 963
554 2610
2611 1116 2612 2613 898 2613 2613 221
262 262
256 259
640 2614 2615 2616 2617 2618 2284
2619 2620 2621 2622 2623 2624 2621 1004 2621 256 1551 1476 2625 1843
2598 2598
1568
948 521 640 2626
2357 2091 2627 2627
2628 2448 2629 2630
2631 2524 1411 2534 2534 2632 2534 2534 2534 2534 2524 2633
2458 2634 1854 2635 2458 2636 2637 1780
2638
2295 2295 2296 2296 2296 2296 2296
234 2639 2640 2641 2642
1416 2299 2643
590 590 2644 2645 2646 2647
2648 2649 2650
640 640 2651
2652 2598
2283 250 927 259 250
2295 2296 2653 2296 2654 2655 2656 2298 2296 2298 2296 2657 2658 2298 2296
2659 2660 2659 2661 2662
2663
2343 2344 2345 2664
2665 2566 2295 2566 966 2296 2566 2566 2296 2566 2296 2566
640 2666
1697 1769
2667
2668 2669 521 554
1048 1048 128
2670
1416 2551 2671 2671 2672 2671 2673 2671 2671
1416 2674 2675 2675 2675 2675
2676 2676 2312
2677 1006 2677 1192 2677
936 2678 936 256 2679
2680 521 2681
1048 1048 1048
718 992
2682 2683 2684 2682 2685 2682
2686 900 2687
521 2688
2689
2283
2690 2691 640 2692 259
262
2506 2507 2693
2341 2694 2341
1416 1369
2695 2696 2357 2567 1005 2697
2698 2699 2700
2701 2309
2702
662 521 2703
1024 1697
2704 2283 2704
1834 521
1416 2705 1416 2494 2706 2298 2707 1436 2298 2298 2708 2494 2298 1436
2709 2313 2313 2313 927 2313 2313 2313 2709 2145 2710 2709 927
1719
2711 2711 2711 2711 2711 2712 2713
2714 2714 2715
250 2716 2717 2718 2002 2718 2719 2718 2720 2338 2338
769
2721 262
880 2514 880 2722 2514 940
42 2347 966
2295 2296 2296 1230 2296 2296 2296
1416 1416 2723 2724
1493 2725 549 262 1493 1493
250 973
2408
2726 958 2343 2344 2727 1697 2412 2728
2729 521 2730
250 2731 2732
1476 2733 149 2734 1476 2735
133 133 973
1416 2736 933 2737 2491 2295 2738 1411 2739 2740 2741 2742 2743 933
2744 2341 2745 2746 2747
2748 1146 1770 149 42 2749 2062 2170
960 256 2750
262 2751 2752 2753 2754
2755 2756 951 256 2757
2758
1203 2476 2366 2369
259 640 2476 2759
262 2760
1401 778 2761 2762 2763 1401 2764 2765 2766 2767 2768
2341 2769 2770
2062
1945 2771 2772 2773
2774 2775 2775 898 2775 2776 1913 262
2777 1632 1632
2553
2778 1185
2135
1350 2779 2780 2780 1476 1476 2735 1476 2781 2782 1350 63 1350 2783 1229 1697 2784
2476 2476
250 2580 2583 2584 2584 2584 2785 2584 2584 2584 2584 1826
2295 1411 2786 2294 2787
2788 2348 1828
133 2789 2790 2791
1416 2792 1476 1476 2793 2794 1476 1476 2795 1476 1476
42 2796 2797
1568 1369 1568 1568
933 2798 933 2283 933 933 2799 933
590 1048 262 590 590
1420 1423 718 2800 2801 1420 2802 1420 1423 966 991 1419 1420 1420 1420
2803
2804 2805 2806
262
2740 2341 1494 2807 2627
521 2808
2688 961 521 2809 948 2810 521
2811 2812 2813 1296 2814
19
1440 1440 1440 1440 1440 1440 2346
2815 2810 1698 2296 2816 1599
1476 2792 1476 1476 1476 2792 1476 1476 1476 1476 2792 1476 1476 2792 1476 1476 1476 1476 2334 2817 2818
2819 324 2820 2819 2819 2819
2821 933 2822 933
943 943 943
250 2023 2823 2824 2825 1504 2825 2825 2825
2826 2827 2533 2524 2828 2829 1440 2830 2829 1440 2830
933 933 933 933 933 933 933 128 1370 2798
2033 2831 989
2343 2344 2345 2832 2309
1945 1336 2833 2834 2835
1440 2836 250
1416 2837 2838 2838 2838 128 2839 2838 2840 2838 2838
2841 1411 2827 2842 2843
2476 788 2476 2476 2476 2844 2476 788
2341 2845 640
1831
2827 2341 437 2846 2847 2685
2848 2849 1416 2850 2851 1416 2852 2170 2338 2853 2854 2855
1020 2856 2857 2858
1488
1006 2859 2860 1945 2861
2862 2863
640
1369 1369
2864 262 19 2865 177 2866 2867 2253 1075 262 2868 870 2869 934
2870 437 256 2341 933 2798 933 2446 933 898 2871 933
2627 2627
2347 2348 943 2872
2873 2874 1480 2875 1480 1587 448 1480 1587
960 2524 960 2524 2534 2522 2524 960 2524 2534 960 256 2534 2534 2534
2876 2877 2878 262 262
19 19 253 253 2879 19 1945
2880 2880 2881 2882 940 2883 2884 2283 2882 2884 2884
2283
2631 2524 1411 2524 2524 2524 960 2534 2534 960 2534 2534 2524 960 2534 198 2534
1416 2671 1416 1203 2671 2673 2885 1416 2886 2671 2673 2673 2887 2888 2837 2494 1019 2889 2673 2673 2673 2673 2890 2891
2892 857
2341 2893 2894 2895 2894 2896 2282 2897 2895 2282 2895 2895 2282 2895 2895 2895 2895
2898 2898
2899 2900 2901 2901 2901 2901 2901 2901 2901 2902
1416 2903 2904 2905 2906 149
2907 2908 2895 2050 2895 2050
2909 2880
2910 2911 2458 2910 149 2912 2458
2348 991 2348 2347 2476 1445 1679
1300 1300
2913 2914 2914 2915 2914 2702 2916 2914
1230 2917 2476 2476 2476 966 2476 1538 2316 2476 2476 1538 1538 1855 2476 966 1538 2476 2316 1445 2476
2918 2298 2298 966 2298 2341 2919 966 2298 2920 933 2921 2296
2922 2923 2924 2923 2925 966 2925 2925 2925
70 98 2926 2927 1006 262 2928 262 2927
1369 2476 1445 1538 2476 1538 2929 2930 2930 2931 1445 1538
2476 1538 2476 966 1538 966 2476 1538 1538 2476 1538 2476 2932 1538 2476 2476 1538
1416 2933
149 1476 2934 2935 1476 2936 1296 1296 2937 2938 2939 2940
128
1538 1538 2941
927
1405 2942 2942 2942
2943 2837 2944 2945 2946 2947 2948 2949
2343 2344 2950
128 128 2666
2951 2952 2953 2954 1383 2954
2166 2448 2166 2955 2956 2166 2166 2166 2957 2016 2958 2959 1683 2166
2960 2476 2476 2476 2476 788 2476 788 2476 788 788 2476 2476 262 2476 1445 1538
1405 2942 1369 2942 1523 1405
1416 2736 933 2737 2491 2298 2298 966 966 2298
1416 2903 2341 2904 495 2889 2131 2961 2962
2963 2964
1499 1499 978 2965 769 769 2966 2967 2968 128 2968 978 1440 978 1440 2969 769 2970 1499 2971
1538 1538 1538 1369 1538 1369 1538 2972 2973 1554
2974 2975 2974 2975
2976 2847 966 2685 992 966 63
2977 1439
2978 2979 2980 2981 2982 2983 2984
2985 2986 1167 2987 2988 640 2989 2990 2987
250 2991 2338 253 2338 2992 2338 2992 2338 2993 2338 2338 2992 2338 2992
640 640 128 2994 640
2995 2341
1369 2996 2997 1554 1628
2998 2999 2770 128 2999 2999 2999
866 2320 2320 2320
996 2348 1369 2348 262 1377 1865 1470 262 262 262 250 640 2347
2283 2341 3000 128 3001 3002
2817 3003 2817 2145 2817
1538 1538 966 2941 2941 3004 1538 1538 1538 1538 1538
1447 2170
3005 129 128 2412 640 3006 3007
2740 2341 2807
966 3008 966 991 2476 2476 943 2476 3009 788 2476 3010 2222 3011 788 3012 788 2844 788 590 2222 3013 788 1868 3014 788
2316 2316 1445 1445 1445 2316 3015 2316 1369 788 966 2316 2316 2476
3016 3017 3017 3017 3017
3018 3019 2817 2817
250 3020 3021
3008 2476 2476 992 2476 3022 2476 2476 2476 788
612 612
2412 2817 2045
3023
2343 2344 1401
3024 2552
2283 3025 1834
2826 2522 3026 1416 897 3027
3028
1416 1240 3029 3030 1240 3031 3032 1240 3031 1240 3033 3031
3034 3035 2023 2023
1834 1834 3036 3037 3038 3039 1834 3031 3040 259 262
2283 757 3041 3042 3042 3042 3042 3042 3042 3042 3042 3042 3042 3043 3042 3042
1411 867
2296 2296 3044 2296 2296 3004 2296 3045 2296
2295 1416 2737 3046 3047 936 2296 3048 3049 3050 149 2412
128 892 3051
3052 870
926
2524 3053 2534 2534 2534
3054 3055
1416 3056 3057 3057 3057 3057 3057 3057 3057
3058 2283 3058 3050 3059 3060 3059 3059 3059 3058 3060 3059 2412 3059 250 1488
3061 640 2170 3062 3063 128 128
256
1416 2841 2524 2524 2476 2534 2534 3064 2534 3065 2534 2534 866 2534
2841 3066 2534 2524
3001 2341 3001 2296 2480
2283
3067 3068 3069
549 521 3070 253
2476 788 2476 788 1389 3071 2476 1389 2476 2476
3072 3073 3073 503 3073
3074 1416 1416
3075 1416 3076
250 3077 3078 1494 3079
2135 3058 3058 3080 3059
3081
2341 324 966 324 198
3082 3083 2283 3083
2366 1955 2366 1955
442 3084
640 1136 3085 640
1494 2374 1804
3086
718 3087
1923 3088 3089
718 3087 1185 3090 1185 255 3090 3091 1185 255 165 3092 3093 3094 255 3093 1199 3095 3096 256 255 3097 255 3098
1979 1728 3099 1979 1728 1982 1982 1979 3100 1979 262 3101
3102
1378 3103 3104 3105
1378 3106 1755 3107 1911 1378 1727
3108 3109 67
3110 3111
3112 3112 3112
3113 3114 3115 3116 3115 3117 242 332 3115 3118 3115 242 3115 3117 242
262 3119 262 1300 262 1058 3120 3121 262 1750 3122 803 1750 3123 332
262 1908 1846 3124 19 262 3125 3126
2137 3127 1848 3127 1702 1848 3128 3129 3130 3131 1702
19 3132 19
3133 3112
3134 1378 1755 1731 3135 1755 1755 1755 1755 3136 1755
1891 3137 1891 1891 1891 262 3138 1048 262 1891 1048 1891 3139 19 1891 3140
3141 1691
3142
3110
3143 3144 3145
3115 3146 2973
1394
3147
1378 1378
3148 1378 1378 1378
662 3149 2179
3150 1487
2060 1771 3151
19 19 19 19 19 19
1739 2121 3152
3153 3154 1813 3155 1813 3155 3156 1991 3157 3158
3159 3160 1738
1750
262 1780 3161 1737 1780
1024
2357
3115 1229 3162 3115 3115 3115 3163 3115
3164
1923 1923
3165 3166 3167 1737 3168 3169 3170 1691
3171 3172 1125 3173 1125 3174 3175 3175
1063 3165 1755 1737 3176 3177 3167 3167 1737 3167
3178 3142
3127
1615 3179 3176 3180
3176 3103 3181 3182 3183
3184 1259 3108
1190 3185 1190 1851 76 3186 3187 3188 1190 1190 1190
3176
3183
3189
19 19 3190 19 3191 3192 3193 3194 19 3195 3196
255 3197
3179 3198 3181
2016 1084 1017 2016 3199 1048
3200 3201 3201 3202 966 3202
1739 2121 3203 3204
1025 1025
3205
1911 3206 1911 1945 3207 3208 3209 3210 3211 739 3212 3213 1026 3214 3201 3215 1727 2073 221 1026 3201 1127 590 165 155 1094 3216 3217 3218 3219 1378 1755 1945
3220 3221 1495 3222 3223 399 1495 3222 809 3224
3225 3091 3226 3225 3226
1851 3227 3228 262 262
3229 262
3230 1655 3231 3232 3233
3234 1737 3167 3187
3235
1738 1894 1908
3236 3237 3238 19 3239 3240 19 1494 325 262 19 3241 19 19
3242 1199 3211 3243 1144 1385
230 3244
3174 3228 259
1881 3245 3245
3246 1851 3246 3246 3246
3247 3248 590 1637 1637 3183 3247 590 3183
3249 3250 262 262 3250 262 3250 262
1728 3251 961 957
1089 3252 3252 3253 3254 3255 3256 3252 3254
3257 3230 3179
3258 590 1991 1887 3259 3260 230
3245
250 262 262 262 262 3261 3262 250 262 262 262
3165 3263
3142 3178 1798 3142 1322 3246
1736 3167 982 695 695 1736 3264 3265 332 3167 1894 3266 695
3267 262 1913 3268 966 3268
3231 3232 3269
3270 1887
1197 106 404
3271 3272
3178 3273 3142 3274
11 2233 1886 1346 982 695 3275 2233 982 695 223 695
1908 3276
230
3277
2059
1971
718 3278 3279 3280 3281
3245
3282 3283 590 1064 718 3183
3284 3285 1894 3160 1738
19 3286 19 19 3287 19 3288 3289 19 3290 262 19
3291 1199 164 1201 3292 3293 3294 1199 1199 1201 164 3292 3293 230 3136
3147 1739 2121 3248 3295 259 3296 718 3297 2060 148
3298 3299 3092
718 3300 3301 3302 3303 3300 3304 3305 3302 3306
3183
3227 349 3307 349 3228 3308
3103 3176 3309 3027
3310 1702
1153 3311 3311 615 615 2054
3183 3312 3313 3314 3176 1923 1242
3315
3316 1750
221
3317 3127
3178 3142
1024 3167 590 590
3273 3142 3274 1894 3318 1852 3319 3122 3178 3178 3320 1738 3321 3322 3318
3248 3183 3312 590
2221 1378
3323 3324 966 3325
1226 1750 1750 3123 1226
19 1908 3326 3327
1655 3167 3328 3167
1743
148 3176
1848
1197 3329 3330 2233 3331 2233 3332 304 3333
3266 3176
3334 3176 3335 3336 3266 11 3211
3225 3337 3211 3338 3092 3337 3337 3337 3094 3339 3340 3337
1796
1260 1260 3341 3342 1260 1260 3343 3344 36 3345 3346 3347 3348
3211 3095 3211 3349 2233 3211 3293
3350 3350 3350 3350 3351
262 234 3352 3353 1851 3227
3127 3354 3127 3127
2060 1875 1125 3355 718 3356
3159 1738 3167 3167
230 1881 1739 1739
1908 1425
3174 3228 3228
3357
1259 3358
3359 3127
1908 3360 3361 1771 262 1771 3362 3187 1391 3361 1771 3363
3364 1743 1894 1894 1736 1894
3181 3182 3181 3365 3366 3182 1111 3367
3174 3228 3368 1024 3308
2018 3369 455
3089
1203 974
3165 3105 1356
3370 3187 221 590 603 1153
3179 3371 3312 3179 3372 3373 59 3374 3375 59 1853
3376 3377 982 695 982
1203 1771 1771 2045 3378 1771 262 1771
1923 3379 1018
3245 3380 3381 603 3382
3383 262 1771 1771 1702 1771
3384
3385 3174 371
3386 3211 3387 1691 1353 3388 3211
3389
3034 3390 255 2427 3391 3392
3393
3205 3205
3089
3211 3211 3211 3394 3211
1655 3227
221 3395 894 3346 507
1024
1322 1322 3396 3397 3398 2247 2247 1852 1322 590
1024 3399 3400
3401 1739 3402 3403 3403 230 3174 3404 3405 3406
3092 3407 3225 3408 3091 3409 3225 3410 3409 1190 3091 3411
3412 3413
259 221 221 1756 3333 3414 3415 3416 3417 3414 3415 3418 1756 221
3266 3266 3326 3176 3176
3419 3419 3420 3369 3421 3419 2632 3422 3422
1024 3423
221 3392 956 221 3424 956
3183 3176 3266 3425 259
3230
3426 3427 3427 3427 3428
1197 1197 2054 3344 1260 3429 3215 3430 1280 3431 3432 145 3433
3434 3435 1737 3434 1737 3230 1737
3103 991 3436
3211 1024 590 1738 3167 2060 3437 221
3273 3274 250 3438 262 3178 3142 1322 3439 3440 3246 1894 3441 3442 1261 1921 1378 3443 3356 1798
3211 3211
1728 3251 1728 2810 1185 198 3444 948 3251
3231 1026 992 3232
3174 3248
2247 2247 3445 3446 3445 3246 3246 3447 3397 3246 3448
3227
3248 3176
3400 3400
3245 1022 3449
3450
1731 1731 3326 332 2629
3451 166
3452 2673 2673 149 2673 149 3290 2673 3290 3453 3454 2673 3455 3456
1282
2045
3248
1751 1732 1732 1732 1732 1732 1732 1732
3457 3227 3287 3458 3459 1851
3460 3330 3333 3461 3462 3461
2233 3463 1025 3464 3465 1025 3466 1025 1025 2233 1025 11 1025 2233 1025 3467 2233 3468 1025 1025 11 3469
1022 3400 1017 3400
3470 3167 3159 1738 3272 3159 1153 449 590 1094 1843 3159
221 2193
3471 3472 2633 3136 3471 3473 221 3474
2221 230
3248 3475 3475 3476 3183 3176
2054
3258 590 1637 3187 3477 1084 1153 590 1637 1094 3478 3479
3248 3312 3176 3142
221 3480 221 349 473
3481 3428 3252 3112 3482 1691 590 3483
3179 3234 1737 1945 1945 1945 1024 590
1048 1048 221 1048 1048
262 262
3484 3485 3486 3487 262 3488
3245 3489
3490
1378
3491 3492 3493 3494 230 1735 3266
1446 3495
3183
3245 3496
1233 2060 3497 3498 3498
3499 3174 1259
3500 1771
3501 3502 1048 3503
1755 1755 1755 1755 1755 1755 223 767
3428 3504 989
3184 3184 1487 349 3244 1739
253 3505 1908 262 3318 3506 3507 3318
640 1731 1378 2183 1731 3178
3508 3509 3377
1487 3510 3511 3184
1737 1737 3176
3227 3228 3282
262 3481 1227 3512 3513 640 262 3252 3252 1227 3512 3174 3252
3308 3514
2775 1259 957 3515 3516 3517
221 590 3518 221 590 3519 590
250 3520 1270 413 413 898 3521 413 1009 3522 3523
3419 3524 3525
3526 3527 250
1851 3227 1851 3227 3174 250 1488 3227 3528
3248 371 3266 3529 3530
3531 3205 3532 3205
3318 3176 3312 1846 2008 3183 3533
1735 3534 718 262 3535 3534 3536 527 3537 262 262 1780 3538 3539 718
3167 1923
3183 3373 3176
148
3540 392 3419
1743 3336 3541 3542 3543 3544 3541
3545 3546
3428 3220 3547 221 1078 3548 1813 221 3549 3550 3551 3552 3216 165 3553 449 696
3554 3555 3556 1991 3557 3555 3558 3555 3557
1378 3559 590 1855
3089 3127
1024 1024 3176
3490
11 11 1872 223 404
1378 1732 1732
3560 3561 3315 3423 3315 3560
3562 3290 1739 3290 1887 3563 262 1887 3564 1887
194 1174 3565 3439
615 3566 3566 3311 615 615 2054
11 1872 223 1850 1024 11 1872 223 404 3567
3174
1048 2052
1024 1024 1378
255 128 3092 3091 3094 3098
3397 262 262 718 3568 250
3227 3569
3183 3266 3266
1487 11 3347 3560
3227 3514 3167
1739 1024 1796 1737 1846 3570 3571
3445 3572 3445 3573 2247 1852 3246 3446 3445 3397 3246 3574 3573 615 3575 3576 3246 3573 3446 3412 3246 3573 3246 2247
1024 3577
3227 3326
1739 1796 1739 1796 148 1796 1796
3227 3578 3579 3580
3581
948 3251 1728 3582
1223 3583 3584 3585
332 1058 590 1024
1750 3263 3103
1089 1089 3091 3586 3587 1089 1063 3588 1089 905 3252 3252 3589
3227 3228 1851
230 3590 524
250 1270 250 1893 250 1893 262 250 262 250 3591 1058
1024
3108 3592
1851 1913 3593 1739 3594 3595 221 607 607
3596 3435 1737 3419 3597 1737 3167 1737 3597 3419 3419 3167 3597
1887 1908
1378 1731 1731 1731 1731 262 3598 1731 3599
1852 1322 1322 1322 1322 1322 1322 1322 1322 1322 3600
3601 3205 3205 3205 1941 3205 3602 3205 3512
3257 342 2545
1378 1024 1960 1846
1755 3104 3603 3604 3605
3606 1026 1991 1828 3607 3607 1026 1843 3608 3609 2625
1063 3230 1737 1737 3230 1655
3435 1737 1894 1894 3230 1737 3167 3230
262 937 2629 262 262 1340 934 167 737 590 167
3610 221 1105 3610 221 1105 3611 221 3271 221 221 1105 3271 221 3612 3271 1105
3613 3445 3397 1121 3614 3613 3446 3397 3615
221 3204 392 3419 3616 1894
1908 3617
3618 3561 1881 3619 3620 1197 3621 3622 3561 1487
3159 3183
3266 3312 3623 3467 3420 3624 3312 1226 3625 3626 3312 3627
3307
1197 1881 1881 3628 1197 1197 166 3629 3630 1197 3631 3632 1201 3633 3634 3409
2179 2179
3282 590 3635 1226 3176 1655
1923 3227 3183 1923
3245 3231 230 3636 3245 3637
2045
3183 3638 1738 3282
19 3639 1778 3640 1910 1728
19 262 262 19 19 250 3641 262 1893 250 1743 1959 262 1826
3124 2037 3642
1641 3643 3643 3644 3643
757 3645 3450 1848 718 3646 3647
1024 230 3312 3183 3312 230 1242
1826 1146 2274
1908
3245 3512 3648
1614 1614 1614 1614 1614 1908 3010 3202 3649
3650
262 262 1300 262 3651 262 3652 1300
3165 1894
2121
1913 3268 1739 414 3653 1913 414 3596 349
3227 262 3317 3228 1190
3176 3282 1076
3435 3654 3183 3167 3435 3419 1736
1906 3655 3656 3655 3656 3657 3655 3655 3655 3656
473 3658 2349 3659 2349 3660
1255
3661
262
3662 262 262 262 262 250 3662 3663 332
3664 3665 3377 3665 3665
3400 3227
3666 3160 3167 3230 3167 3666 3667
3457 3227 3228 262
3248 250 3668
3103 3312 3669 3183 1242 3266
3441 3441 1875
958 1691 958 19
3174 3228 3670 3671 3419 3167 3328 3392
250 1893 1654
3464 11 392
3672 1185 3673 3673
1378
3457 3227 3674 3228 3228 3228
1230 2161 1194 3675
1572 3676 236 3676 236 1572 236 3676 236 236 3676
3677 3678
3124 1799 1799 1799
1022
3266 3183 3183 3312 3679 1282 3176 3183 3312 3287 250 1242
1655 1655 1655 1655 1655 1655
3257 3680 3681 3682 3683
3591 1058 2060
3245 3489 3684
3685 3685 3686 2247 2070
3683 2341 3687 1799 1146 1269 3688 1799
1923 3103
927 927
3248 3689 135 135
3183 3689 3103 135 135 230 3176 250 135 152 3690 135 135 230 135
3691 2247 3398 3692 3693 3694 3428 1255 3695 3695 1813 3155 2247 3695 3696 3447 3397
250 1270 262 250 19 262
250 3697 3662
1739 76 3186
1063 3540 3167
1908 1771 1771 2676 1771
3698 989 3258 3699 3700
449 3701 3702 3703 221 449 3704 3705 3706 3705 3706 3705 2204
3707 1233 3708 3707 3709 3231 3232 1487
1737 1737 3710 3711 1737 3712 3354 1737 1026 3234 3713 1144 3234 3234 3714 3234 3213 3715
1402 3716 198 1319 3717 3718 1402 3719 1402 3720 198 3213 3721 603 590 1094 3722 1026 571 221 1127
3723 3724 1908
718 2247 1852 1322 1322 3725 3726 1322 1322 3663
3312 3282 3727 262
1048 3728 3728 1048 1048 1891 991 3728
3729 2247 3397 3412 3730 3731 3730 3732 2247 3443 3442 2247 3730 3412 3412 3446 3730 1058 3733 3443 3442 2247 3730 3730 2247 2247 3730
1364
3492 1904 3167 1024 1739 1024 3734 3735 1499 2292 3736 1024 3736
3457 3227 1913 1913 3227 1913 1913 1913 3228 1913 3737 3228 1737 3710 3228 262 3228
3606 3738 1828 1026 1991 3739 3740 1637 1991 1991 1026 3607 1991 2783 3609 3741 2625
3227 3227 262 1851
221 221
221 3742
1739 262 3743
3245
3227 3744 1913 1913 3228 1913 1913 1913 1913 1913 3228 3745
2247 3446 3615 3613 3447 3397 3615 3613 3615 2247 2247 3246 3613 3446
3746 3747 3266 3689 135 3748 3749 3750 135 135
2185 3751
1725
3127 3127
3174 3752
3753 1063 3571 1334 3167
1963 262 1826
3754 3755 1094 3756 3757
3758 718 3597 392 473
1022
3412 3759 3412 3246 3446 3695 2247 3412 3446 2247 3412 3695 3412 3695 3412 3246 2247 3695 2247
3227 1851 3760 1226
221 262 3761 262 656 656 221 262 656 3762 221 3763 3764 262 3765 3766 3767
259 3768 718 3183 135 3769 3770 590 3578 3771 3183
1923 1923 1923 1923 1923 1852 1904 1923 1923 1923 1923 1923
1255
3613 3446 2247 2247 3615 3615 2247 3445 3615
221 1255
3772 3773 3773
3266 3183 3774 135
3775 3776 3776 1226 3776 3776 3776 250
3307 166 262
3777 1728 262 3778 250 3779 3780
1378 1755 1755 1755 3781 1755
1908 1991 3782 3783 3434 3434
3784 1378
3613 3447 3397 3446 3445 3446 3613 3446 3246 3446 3785 1058 3446 3445
3183 3176 3248 3183
437
3786
1771
1960 262 3787 2221 1378 3788 1796 1739 262
3689 3176 19 3789 262 3789 3790 262 3789 3789 3789 135 19
3178 3178
3791 3792
1282 1024 3793 3203 3794 1024
1369 1470 3795 3796 1550 3796 3797 3798 3788 527 3788
3282 3230 3176 3176 3183 3266 3266
3799 221 1022
3800 1798 3227 1755 3179
3443 1369 1505 1505 3443 1505 1505 3443 3801 1505 3443 1505 2247 3802 2247
3183 3689 3457 3227 3183 3228 135 135
3112 3112 3112
3803 1923
262 3167 3804
3481 3252
1654 1654 1654 1654 230
3445 3685 3397 3685 3445 3397 3685 2247 3685 3397 3685 3445 3685 2247
2221 1378 1911 3805 1378 1743
1024
3806 1319
250 221 3807 256
1255
3435 1737 1894 1737 3230 1737 1737 1736 3230 3230 3282 1737 3230 3230 1737
3230 3230 3230
3124 3211
230 3808
1813
1728 3809 3810 3211
1255
3227 3228
3811 3812 3812 3813 1270 250 1893 262 3814 3815 3811 1893 1270
414 3816 3817 3817 3818 1846 2060
3357 3205 3819 3820 3821
221
3822 3823 3792 3824 262
2110 1017 1190
262 3825 3826 3827 262 3826 3828 1691 2179 3826 3828 390 3826 385 390 934
262 3825 3826 3827 262 3826 3828 1691 2179 3826 3828 390 3826 385 390 934
2221 1378 1378 3829 1776 1731
3181 3182 262 262 3830 3831 1503 3832 3833 1771 367 371 3182
3834 230 607 1739 607 1913 1739 250 149
250
262 2385 2385 3167 3004 1255 262 3835 1190 1127 3836 3837 2385 3410 3411
590 3613 3446 3446 3412 3446 3838 3447 3397 3695 2247 3412 3412 3695 3695 2248 3397
3839 2239 3839 3840 3841 3591 1041 3842 3400 3841 1887 3843 3844
1906 3655 2545 1906 2059 3845 2545 966 2545 1906 2545 3655 3846 3847 3848 3849
2247 2247 3446 3613 3615 3613 3613 2016 3613 3246 3443
3850 3851 3852 3850 262 3167 1737 3853
1063 3854
3227 1887 3855 3170 3228 1503 262 3228
3445 3446 3695 3442 3246 3443 3695 2247 3445 3695 3442 3246 3443 3856 3857 2247 3733 3858 2247 3733 3695 3445
1906 3655 2545 3859 3860 1025 2545 2545 3377 1041
3419 3419 3167 392 392
1255
1517 262 743 1153
167
3613 3446 3861 3613 3445 3446 3615 3862 3397 3613 3685 2247 3863 3446 3695 3397 3412 3864 3168 3397 2247 2247 3445 3695 3615 3445 3446
3865 3428 3866 3428 958 3428 3428 3428 3205
3867 3868 1089 1089 221 1691 3252 262 3252 262
1089 1089 1089 1089 262 128
3869 3870 262 1229 262 554 3523 3871
3230 3167 3872 3266 3230 3183 3266 3183 3183
1731 1024 1731 1048 1731 1731
3873 3874 3591 1041 3842 3750 3875 3400 3876 3877 3878 262 3879
3880 3881 640 1255
3696 3446 3882 3882 3445 3695 3445 3695 3397 3447 3397 3685 3445 3445
3883 259
3884 250 2842 3885 250 3886 2842 3887 3886 3884 3888
3445 3446 413 3889 707 3446 3445 3695 3889
1063 1063 1334 3183 1737
3786 3890
1255
3891 1969 707
1906 3655 3452 3655 3655 3655 3655 3655 3846 3847 3848 3849 2545 3655 2545 2545 3892
3446 3613 3397 3447 3613 3893 3696
3245 3489
3357 3108 3205 221 590 221 449 3894 3205 3205 3895
3750
437 250
3307 3183
250 3896 3897
1369 3898 1880 1568 1377 3899 1880 3899 1820
1906 3655 3900 3901
3902 3903 3904
1923 230 148 148 1923 230 1923 3905 718 1063 1894 1738 3179 3906 3160 3907 1908 3419
1960 3908 1378 2221 3107
3909 640
3910 3112 3112 3133
3248 3689 3266 3183 135 3183 3911
718 3087 3090 3093 3912
1487 3307 230
1725 1725
662 3913 3914 1799 3914 1799 3914 1799
1259 1076 3915 1259 3584 3585
3916 3917
2183 1732 1378 1732 1732 1378 1760 1755
1960 2221 1378 1378 2221
3904 3918 3919 1725
1022 3920
3245 1022
3921 2766
1908 3922 262
1259 3514 1941 3923 1259 3514 1076
3924 3925 3926 3927 3927 3927 3927 3927 3925 3925 3927 3927
3867 3868 1089 3091 1185 3586 3928 3435 1089
3248 3183 1076 3183
221 1007 3929 250 1255
221 221
3426 3930 3427 3931 3427 3932 3427 3427 3932 3932 3427 3933 3933 3934
3400 3400
3434 3935
3936 3937 3924
3938 3939 1755 1755 3939 1911 1911
3613 3446 3695 3397 3695 3732
1906 3655 2545 253 1854 2545 1906 2545 3655 3846 3847 3848 3849
1908 1369 1614 1614 3940 1614 3941 3942 1728 3939
2349 2349 3943 1201 1201 11 707 3944 707 3945 3943
221
3946 3947 3591 262
473 1285 221 3948 221 3949 2633 3200 1285
1487 262
3950
1737 3951 757 1737 3951 3142 3951 3142 3951
262
262 262
1736 1737
1378 1911 1378 2221 1378
1378 1727 1731 1732 1728 1728 1755 1728 3952 1755
3953
1255
1950 1950 3325 3954 989 3955
1908 1858 590
3188 3174 3188 1190
3775 2429 3956 3142 3957 3775 3958 3959
3960 1285 3961
3400 221 165 155 3201 1144 1637 3740 1153 3962
974 3174 974 3227 3167 974
262 3963 3963 3963 3963
1255
250 19 3964
3965 3966 3967 3743 3968 1007 3969 230 437 3970
325 3971 3972 1820 1369 1898 3973 3974 1226 3975 3976
1960 2221 1755 1755 3977 1378
1058 3978
3127 3979 221 3258
3167 3167 3980
991 250 991 991 991 991 991
2235 1858 3981 3982 1697 3202 1447 250
325 3971 3972 1820 1230 1226 3975 3976
349 3983 3984 2357 3985
3400 3986
3987
3988 1908
1235 3176 3540 3989 3961 3230
3990 927 3990 3991 3990 3990 3992 3993 3994 3995 3996 3993 3990
230
1771
3775 3997
3998 3999 1499 3767 1955 1955
1017
3450 3352 4000
473 3658 2349 2349 3660
230 3167 1739
3364 3119 1875 4001 3121 262
3248 3183 3183 4002
230
3245 1226
3450 259 1725 4003 1725 1725
4004
262 19 2170 250 19 2170 221 4005 262 19
230 449 3227
1230 966 1908 1771 1771 1771
1203 640 1001
4006 4007 4008 3183 3183 230 974 3227 4009 3266 135
4010 4011
4012 4013 4014 2811
4006 4007 4015 3352 262 718
3515 1026 4016 4017 4018 3515
3248
3511 4019 3845
4020 4021
332 3845 332 4022 4023 332 4024
255 3178
2059 3227 3402 4025 3277
996 4026 1637 4027 1637 2247 4028
3282 3176 3689 3435 1737 1737
3457 3227 3228 4029
1655 989 4030
223 3513 221 1144 4031 4032 4033 4034 4035 4036 3513 3513 4035 262 4037 4038
3234 3204 1024 3234 3540 1321 4039 3906
3183 3179
3227
3167 4040 3167 3354 3406
262 4041 3246 3246 3246
1058 3978 4042
4043 1089 3252 1737 905 3252 905 2364
495 1731 1731 230 1731 4044
1869 1378 1378 1378 4045 4046
3775 250 250 3204
250 1008 1008
3277
262 262 19 4047 3290 4048 262 3290 4048 3290 262 4048 262
3178 3266 3142 3142 3142
4049 4050 262
1887 3183 135 3176 4051 4052 221 974 262 4052
1851 3227 3228 3181
1869 1378 4053 4054 4055 4056 4057 262 149 3112 4053 4057 262 4058 4059 4060 149 4061
4062 4063
3230 1655 1691
3317 3127 3167 3167
1778 4064 4065 640 4064 667 3167
19 4066 3142 3142 3274 19 262
4067 1869 4068 4045 4045 262 1378 1378 1378 4045 1378
3435 4069 2045 1654 76
4070 262 262 3167 4071 2060 4064 4064 4064 2060 262
1022 16
3245 4072 1153
3273 3142 3142 3142 3142 4073
3178 3274
1960 2221 1378 3977 1697 3977 1378 3788 4074
3428 4075 3612
4076 4077 4078 262 19 19
3245 4079
4080
2221 1739 1378 4081 230 966 991 1378 3534
3610 449 3740 3612 3740 590 449 1828 3610
3093 590 3150 4082 255 590
3227 3282 3176 4083
2357 1725
966 966 4084 966 1048 1146 1048 1146 4085 2652 2002 966 966 4086 966 966 966
1146 1146 262 262 3246 1125 1960 262 262
4087
3245
4088
255 3234
2059 230 262
4089 255 4090 3093 3094 3912
3245 3648 3245 4091
2179 1891 438 1902
3245 3231
1282 230 3188 1024
3867 3868 1089 1089 221 590 3252
1024 4092 1233 4093
4094 4095 1190 1190 4096 1190 4097
250 250 250 250
1022
3188 3188
3772 11 3773 3773 3773 726 3773 4098 3512 2629 4099 4100 3773 3773 3773 4101
3920 603
1735 4102 11 4103 392 982 404 1285 1129
1089 3252 4104 1089 3513 3513 1089 3252 250 1991 1089
1094 590 4105 718 1209
3307 4106 3227
1022
4107 4108 4108 3388 4108 262 1950
3231 1026 3269
4109
3750 3400
551 4110 4111 3931 4110 4112 4037 4113
4114 3171 1259
4115 3400 3307 3400 3400 4116
4117 4118 4118
4119 4119 4119
3245 1875 4120
3093 3150 4082 3093 3094 3093 255 3097 3094 255 255 255 3093 3091
230 3307
4121 4122
1739 3750 1923
1727 1727 4123 1911 1911 1911 1727 1911 1727 1727 1911 1911 1727 1727 1743 3091 1727 1911 1727 221 4124 3732 1911 1727 3732 1911 3091 1911 3732
3188 3227 1190 4094 332 1190 1190
1259 4125
262 3450 2104 974 4126 1322 4127 4128
1846 4129
230 4130 11 392
4131 1727 3177 1911
1739 2121
1503 3227 2676 3181 3181 4132 1022 3400
3400
1063 4133 718
4134 4135
3245 1255
3400 3400
3235 4136
1739 2121
2045
3230 4137 3230
1487 262 4138 3593 607 1739 230 1739 262
1731 1734 3106 1911 221 1911 1911 1911 1727 1911
4139 495 4140 4139 640 2933 4141 128 4142 4143 4144 2933 4139 4139 640 4139 640 2170 262 2170
1022 4145 1991
3245 4146 4147 4148 3269
4149 1655 4150 4151 1738 3266 3183 3689
253 349 4152 3227 349 4152 349 262 4153 4154 4154 262 253 42 19 250 349 262
3227 262 262 19 3228 262 262 3228 262 1851 262 19 3228
3181 3227
1302 3248 4149 1076 4155 3183
2225 2225
4049 4049 4049 262
3591 1058 4156 4157 4158 262
349 3457
4105 2235 4105 3981 4105 1186 1209 4105 4159 4160 1209 1186 4105 4161
1691 1691
1089 554 3252 3252 3252 4162 4163 4164 3252
3561 3698 221 4165 3698 262 221 4166 1229 221
4167 1378 1736
19 1963 1728 19 4168 934
333 250 250 1350
3442 640 495 3442 640 3442 2283 1217 1218 590 2247 19
262
1697
262 4169 4170 250 262 250 262 250 4170 250 262 4171 4172 262 250 250 250 4172 4173 250 262 250 262 250
1089 3252 262 1870 590 3743 4174 4175 3252 3691 262 3252 262 640 3252 262 590 3252 4176 262 1026 1026 4177 3252 4178 4179 1026
255 255
230 3467 3227
250 332 250 262 3526 230 250 4180
3880 3881 640
3227
19 3124 4181 4182 4181 1931 4181 4181 568 568 1402 4181 568 2630 4181 4181 3318
3183 1739 3183 4183 262 3183 262 42 253 640 101 1406 4184 1887 3179 262 3266
3220 4185 3428 3428
1089 3252 262 1089 3252 3252
2193 3370 3370 221 3370 1264 4186 974 3211 221 4187 1007 4188 221 3370 4189 3370 4190 4191
3689 4192 135 4193 135
221 221 349 349 3591 221 349 349 449 1197 590
2205 3583
1862 3750 3227 4194 4195 4196 3764 4197
1089 3252 3481 3693 1503 1089 1089 3252 3272 3252 3481 1063 3481 3419 3392 3296 3234 3213 3807 4198 392 3670 1738
3245 1076
3713 223 3713 1913 4199 4200 3713 3713 4201
4202 640 262 262
3282 3167
262 332 1146 1146 4203 262 4204 262 262 3845
3442 2341 3442 128 640 4205 590 3442 2341 3442 3955 4206 2170 3442 549
221 590 615 1111 4207 4208 4209 4210
3561 3525
4211 4212 2712 4213 262 230 250 4214 4215 4216 4217 718 1739 2121 135
3515 4218 4219 4220 4218 4221 4218 4219 4222 3663 4223 4224 4225 4226 3513 4227 399 4228 4229 4230
253 4231 4231 4231 4231 4232 253 4231 4233 4234 253 253 250
1378 1727 1755 1731 1378 1734 1727 1732 1727 1727 1727
4235 4236 4237 4238 4239
255 3178 255 255 2341 4240 255 255 3178
3666 3175 4241 2033 3176
3938 4242 2170 1911 1945
262 4243 1834 4244 4244 899 19 262 250 250 899 3157 3157 3157 19 19 19 19 19 978 262 1834 4245 262 4244
262 3946 4246 4247 250 2349 541 221 3880 3881
4083 3228 4248 3228
3142 3142 3142
4174 1089 3252 4174 4174 3167 3513 4174 3252 4174 4249 4174 3252
3441 4250 4250 4250 3441 4250 3441 3441 4250 4250 4250 3441 1353 4251 349
4252 1282 4253 3228
221 4254 221
4255 3355
255 255 255 1089 3252 2364 3252 255 255 3183 255
1259 3499 3109 4256 3514
1270 1893 1893 495 1270
1022 4257
1063 4167 3481 1063 3481 3419 3392 3296 3234 3213 3807 4198 392 3670 1738
262 640 640 4202 262 2179 262 640 262 262
262 262
36 1385 1038 648 4258 3688 193 4259 1255 2783 3741 1300 1038 739 2090 1038 4260 4261 4262 742
3540 3167 3540 3266 3540 3230 3540
2018 3441 4250 4234 2037 2037 2037 4234 2037 2037 4234 2037 2037 4234 4234 4263 4234 4264 221 3441 4250 3443 1088 4265 1517 4266
3442 4267 1612 640 640 1259 4268 4269
2179 2179 250 2179 2179
3174 3228 1849 3228 3244
3772 1834 149
262 4270 262
2037
4271 4272 4273 2188 3108 3514 4274 3514
3457 3227 221 4275 4099 3228 4276 221 4277 221 3228 4278
3227
221 3355
3315
2179 2179 4279 4280 4281 4282 4283 4284 4283 4285
3227 1851
1378 4286 4287 1736 4288 3181 4289 1378 253 4290 4291 4290 2144 4286 3979 4292
221 221 3949 221 4293 1285 473 349 221 221 1862
3481 4099 4100
1727 1378 1727 4294
449 2367 982 4295 2213
3400
262 106
221 449 590 615 4210 1913 4296 2160
3142 3142 3142
230 477 4297 477 4297 477 4298 1945
1727 262 4299 1378
898 3167
4300
2193 221 4196 221 4301
3174 3228 3228
4241
221 3090 4302 4303 3167 958 958
4125 4125 4304 4305 4306 4125
4307 4308 473 221 4309 262
3467 4310
230 3227 3228 3184
3266 3142 3183 3266 1736 1738 3975 3975
1904 501 4311 1732 4312 1732 1732 4313 4300 1732 1739 1048 1732 262 4314
1378 4315 1755 1024 1755 1755 1755 1755 262 1798 4316 262 1755
4317 3811 4318 4319 639 2648 2648 1078 4319 4319
4064 3183 4064
4320
1763 221 590 1991 449 4321
19 19 4322 4323
1048 1906 349 1048 1048 1048 1048 349 4324 1048 1048
3266 3142 3142 4325 3183 3142 4326 1894 3441 4250 3356 3443
262 1723 1185 4327 4328 1834 4329 4330
4331 3258
262 1203 1771 262
3561 4332 262 499 4333 4334 473 4335
4336 8 8 1144 4337 3213 603 4338 1144 4339 8 1144 4339 1144 4337 603
1378
255 262 4340 255 4341 3091 4342 255 4343 3619
4344 4345 262 223 4346 2331 2179
1954 2986
4347 230 1887 262 262 262 3712 262
4348 4349 590 2183 3267
4247 385 3924 390 4350
1911 1378 991 262 1378 991 991 991 1017 1378
1731 1731 1731
1378 1727 1731
1377 1406 1377 1406 1377 1377
4351 4352 262 4352 262
3540 718 4353 3499 1259 1259 4256
3927 3927 3927 3927 3927
4354 4355 3447 3397 4356
3535 3335 4357 4357 4358 1728 4359 4360 1979 262 1846
230 262 4204 1796 262
349 1094 4361 1691 1017 4362 4363
