0.0022579549551328174 2.6743777219404214E-5 0.01414917484468254 0.06715148462685634 0.9155006696300113 5.3624580122218296E-5 6.338500747350569E-4 3.4926541843057636E-5 1.6419268409572477E-4 2.7378285301545756E-5 
0.0036232888660251705 2.459914183902128E-5 1.2694420113069073E-5 0.8689742332639637 5.301727218804379E-4 7.557867297857883E-5 0.1263215799359136 8.209157331892449E-5 3.3858221630759833E-4 1.7179187659021443E-5 
0.058391126711466096 0.005706594943587778 0.7291292921384002 5.124640440992274E-6 0.18241126622880313 2.226762956515305E-5 8.552151495576214E-6 0.0016251271518408794 0.010260860247672745 0.012439788156727648 
0.06606778669750556 0.004574309140737626 4.296398416706951E-5 1.8759396873543186E-4 3.672047162606139E-5 0.004521806505502205 0.11035417390120511 0.0369387659893275 0.01665754111508123 0.7606183382261119 
0.6586999781496521 9.027385551576029E-4 0.020674940311959992 0.005871542663721639 0.12995436098192464 2.0604366639473978E-4 0.11078216605612708 0.07057770880837222 0.0016183352258890005 7.121855808008127E-4 
0.09484986700144288 0.007617260517092299 0.016595259736861198 1.0867535794591138E-5 6.268383043199834E-4 0.5993618498902744 5.9916090322381764E-6 0.10428043059101295 0.07215400588215684 0.10449762893201245 
9.825152200184896E-5 3.747157017335368E-4 0.001757920661639813 0.004921223571666874 2.9403373512042387E-5 2.2885840052364916E-4 0.07200224402083305 0.002230062356604709 0.8947438039099531 0.023613516481531427 
0.11412277080766527 3.454199648631433E-5 1.306535714392644E-4 0.030995724038764542 3.7285034017513587E-4 0.0016147285756611418 0.7545333201106623 0.09708286572858693 2.1336962109914568E-4 8.991752094603173E-4 
2.195316270854229E-4 0.04890306984601804 0.04470548787189454 4.717274597996037E-5 9.557859123363875E-5 0.010875145787399622 4.177613801441338E-5 0.8895244304650265 0.005414329700616757 1.7347722673124135E-4 
0.06021742160472651 0.7415676400114215 0.033185204169082425 7.113735929269645E-5 1.0732423042618934E-5 0.016139840951947187 0.003005974873880605 0.014550804390039734 0.07766534244533765 0.05358590177122868 
