0 26 0 510 0 0 0 0 0 0 0 0 0 0 0 0 0 0 60 0 
18 237 1 0 0 0 23 0 47 0 0 0 108 29 0 0 0 0 23 0 
6 0 0 0 0 84 0 0 0 0 0 0 0 0 494 0 0 0 65 0 
0 0 949 53 71 89 0 137 0 105 28 0 68 4 0 164 0 0 0 0 
47 0 0 0 0 0 751 0 0 0 0 0 0 0 0 0 0 0 0 6 
0 0 0 0 0 0 0 0 0 0 18 0 0 0 209 0 1026 0 0 0 
0 385 0 0 0 0 0 0 77 0 0 0 0 0 0 156 0 0 0 0 
841 0 0 0 0 0 0 0 0 0 0 0 0 0 0 0 0 0 0 0 
78 0 0 0 0 0 63 0 0 0 0 0 0 0 0 0 0 0 376 0 
0 0 0 0 1 0 0 0 399 0 0 0 0 0 0 129 0 1 79 0 
0 0 0 13 0 3 0 0 0 529 0 51 0 0 0 119 22 0 0 0 
0 0 0 1 0 492 0 0 0 0 0 0 33 0 79 140 0 0 0 10 
0 0 0 0 0 0 5 0 0 0 0 0 0 0 0 0 0 0 0 579 
0 0 0 0 0 7 0 0 0 0 0 0 338 0 79 121 19 0 0 0 
0 0 0 74 98 40 1 20 0 0 142 753 0 0 0 101 5 0 0 23 
0 86 0 42 0 0 0 0 89 0 963 0 67 0 0 96 0 0 0 0 
0 0 0 43 0 0 0 579 0 63 11 0 0 0 0 0 0 0 0 18 
0 0 0 0 312 25 0 0 0 0 8 0 0 0 0 149 0 1 0 0 
54 67 0 0 8 0 86 0 41 0 0 0 32 628 0 0 0 0 135 0 
0 46 0 37 0 0 0 53 0 5 8 0 0 0 0 0 0 783 0 0 
