0
1 2 3 4
5
6
7 8 9 10
11
5
12 13
14 15 16 17 18 19
20 21 22 21 20 23
24 25 24 24 24 24 24 26 27 14 14 14 14 28 14 24 24 24 24 14
29
30 31 32 33 16 17 34 17 16 16 35 17 16 36 17 16
0 0
37
38 39
40
41
15 42 15 42 15 15 42
43 44 45 46
47 48
49
50 51 52 33 31 32 32 32 52 32 32 52 53 52 52
0 0
16
54 55
56 57 58 59 58 59 58 58 60 58 61 61 59
62
63 64 63 64 63 63 64 63 64 63 63 64 63 64
65 66 65 66 66 5 5 5 5 66 65
67 0
68
52 31 69 69 69 33 70 33 69
71 72 73
74 75 75 75 75 75
76 77 78 5
79
80 81 82 82 83
84 85
86 87 86 86 88 86
89
90 60 60 91 90 91 92 91 93
94
95 96 96 97 95 98 99
0
100 101 100 100
102 103 104 103 105 105
5 5 5
106
107
108 109 110 111 112 113 109 114 113 115 113 115 116 113 117 113
118 119 118 118 88 88 120 118 118 88 118 88 118 88 118 121
122 123
124 125 126 127 128 129 130
131 132 133 132 134 134 135
136 137 138 59 136 59 59 59 136 136 59
17 139 16 140 17 17 16 16 16 141 17 16 142 17 143 144 16 142 145 17 16 145 16 17 142 146 142 142 146 142 146 142 142 146 146 146 142 16 146 147 142 16 140 148 148 16 132 123 132 132
149 150
151 152
153 154
155 156 155 155 156 155 155 155
17 17 157
158
90 159 160 90 161 160 162
163 164 165 164 163 166 167 166 165 166 165 165 166 168 165 169 165 163
170 171 172 171 172 171 173 171 171
174 175 174 174 174 176 176
177 178 178 178
179 1 180 181 182 181 181 181
183 94 94 183 183 184 94 183 183 183 98
185 185 185 135 185 185 185 185
154
60 60
0 186
187 187
188 189 24 143 190 143 17 17 17 191 191
192 154
193 194 194 195 194 193 194 194 60 60 194 194 60 194 60 194
196 197 198 196 196 199 196 200 196 196 196 196 196 201 196
202
203 204 203
205
206 207 206 208 208 206 209 206 210 211 212 206
75 75 75 75 75 75 75 75 75 213 75 213 213 209 75
214 215 215
216
217 133 217 217 217 217 217 217
218 219 219 219 220 221 222 219 219
223 224 225 226 224 224
227 228 228 228 228 228 228 228
229 20 229 229 229 229
230 231 232 231
233
234 235 236 237 237
238 239
240 241
0 242
243 11
244
245 246 246 247
248 249 250 250 250
251 94 252 253
254 255
181 256
257 258 179 181 259 181 259 259 260 179 181 180 261 262 263
264
217 265 266 267 268 217 217 217
123 269 123 123 123 123 123
270 271 272 273 274
275 276 275 277 275 277 275 275 275 275 275 275 275 278
279 60 52 280 281 148 279
282 138 282 138 138
88 88 283
193 284 194 195 285 136 60 286 193 194 60 194 194 60 194
287 287 288 289 146 290 288 291 292 292 287 292 287 287 292 287 292 287 75 292 292 287 292 256 293
275 294 295 295 275 296 295 295 295 297 298 60 275 60 275 295 275 295
123 299 123 123 299 299 300 123 123 95 301 123 299 95 123 123 123 299 299
302 303 304 305 306 302 40 305 242 242 302 302
16 34 16 307 308 309 308 310 309 307 16 17 143 16 307 16 311 16 308 308 189 16 307 189 307
312 279 313 312 132 279 314 132
315 17 316 317 318 319 317 17 17 320 17 34 321 317 317 17 321
322
323 323
324 324
257 325
326 132
170 179 173 327 328 180 231 0 182 182 182 182 329
214 214
43 330
75 331 331 331 331 331 331
332 333 261 94
334 335 335 17 17 336 17 335 335 337 337 338 335 335 339
340 284 193 341 214 284
342 5 343 343 344 342 186 342 343 343 342
345 346
94 94 264 347 348 349 348 264
350 351 352 353 352 354 354 354 355 343 354
356 357 358 214
5 5 14 359 360
361 362 138 363 361 363 363 364 362 138 363 362 138
365 366 366 366 367 278
368 369 370 371 368 372 373 131 368 368 368 373 368 372
340 374 214 375 340 214 374
376 377 378 379
380 0
312 312 381 132 52 132 132 279
382
240 383 384 256 256 256 384 256 256
323 385 94
369 372 373 368 368 373 368 368 368 368 368 368 368 368 368
154
248 386 387 388
389 390 138 391 389 138 389 391 392 138 392 138 392 392 393
12 394 395 396 397 395 398 395 399 395 399 395 395 395
400 132 401 132
402 402
403 404 405 406 9 407 403 406 408 409 209 404 410 410 411 412 413 414 415 416 417 404 406 418 418 406 102
419 420 420 421 420 422 422 420 420 422 420 420 420
423 424 425 426 427 426 427 426 176 176 427 428 429 427
430 431
136 137 432 59 136 59 433 138 59 136 59
154 434 12 435
402
436 437 438
186 401 439 440 440 186 187 138
441
442 443
444 445 446 447 448 447 447 447 449 450 450 445 450 450 445 451
452 453 454 454 453 455 454 454 454
456 456 457 456 457 251 431 430 456 251
458 256 256 256 408 459 460 460 170
131 461 131 131 131 312 131 132 312
462 463 463 464 463 463 463 463
465 466
251 467
468 469 468 19 19 470
0
471 472 463 472 256 256
15
473 474 475 476
90
477 463 478 463 463 463 479 463 343 463 463 463 480 463
448 368 368 368 368 368 368 368
481 482 483
132 15 132 15 132 132 484 139 132 15 132 132 485 485 131 132 401
248 486
487 488 489 489 52 490
491
492 368 493 494 493 447 495 43 496 497 493 498 499
186 19 19 186 186 186 186 500
274 15 461 132 148 273 272 15 461 15 132 52 148 273
501 502 245 503
504 504 504 19 158 504
505
275 187 186 506 507 343
508
461 132 509 400 40
510 511 512 510 466 513
14 514
515 516
517 29 29 517 29 517 29 517 517 517
251 518 519
520 521 522
15
523 270
450 524 524 525
261 526 527 528
529 400 29
530 531 531 261 532 531 533 533
534 535 535 535 535
17
83 536 537
538 538
136
539
94 540 94 541
17 16 16 16 16 16 16 404 542 16 16 410 16 16 16 543
544 545
368 546 368 368 373 368 368 547 368 548 368 454 373
549 550 254 551
552 553 552
15 140
554 554 186 186 555
556
15 557 484 484 19 15 484 400 52 52
558 559 560 20 561 562 485 485 559 563 563 559 559
564 564 564 564
390 482 565 482
566
90 90 93 90 93 138 138 90 93
567
568 569 315 570 571
572 573 574 575
576
577 261 578
158 158 485 485 579
170 580 172 581 182 327 580 582 170 583 580 580 583 447 171
584
585 586
440 440 440 587
461 148 148 148 461 148 148 461 40 588 588 148
589 590 591
261 20 592 261
593 594 385
595 596 554 554 554
597 598
599
600 601 602 603 256 256 602 256 604
605
606 248 182 182 607 182 182 607 182 608 607 607 182 182 607 485 485 182
591 576 591 609 610 611 612 613 614 615
11 591 576 591 609 610 611 612 613 614 615
616
617 618 619
620
621 52 622 623
624 0 0 0 625 591
626 209 12 627 220
628 629 630 629 631 630 630 629 632 629 631 633 631
634 635 635 636
637 15 638 639 19
640
641 642
613
643
261 220 644 645 646 588 469 469 469
415 647 481 415 415 415 95
33 19
648 648 648 648 648 648 648 648 648 649
650
651 652 652 653 654 654 19 652 654 654 654 655 656 656 654 17 657 654 17 654 652
248 658 248
20 20 659 660 659 660 660 661
132 662 662 132 509 662 52 662 132 132 662
94 264 348 94 347 348 264 94 348 94 348 94
65
663 664 493 665
19
437 666
667 297 668
0 0 0 0 652 0 186 0
33
669 670 446 446 446 446 671 672 446 446 446 671 446 670
673 404 674 675 676 404 674 677 220 678
679 75 679 680 679 681 312 682 312 132 132 132
683 684
94 94 94 94 94 94 94 94 94 94 256
685 118 118 686 118 118 687 118 688 118 118 688 118
689
690 52
261
505 691
692
107 19
138 138 138 138
17 693 694
274 274 148 461 148 148
261 695 696 695 402 695 402 696 695 696 695 402 695 402 696 402 696 697
279 679 679 279 679 279 679 679 279 679 679 279 698 679 148 132 679 679 279 134 279 279
52 52
699 700 699 700 701 189 702 703 704 700 705 701 706 700 699 699 700 700 705 699 699 700
186 186
707 708
274 274 132 132 709 132 132
710
251 711 712 712 712 138
636 261 713 261 714 713
715 52 716 715 715 715 715 715 715 717 715 715
471 718 719 720
15 132 132 132 721 132 52 132 132 52
16 16 16
261 722 723 723 722 724 725 209 12 627 220 726 209 727 220 726
728 729
270
730 731 499 731 138
658
261
732
555 733
440 440 734
5 5 5 5 5 735 5
90
736 24 737 737 737 738 34 739 19 740 403 741 19 17 403 17 742 17 17 742 743 738 34 17 34 17 738 744 745 746 123 17 737
482 747
748 749 750 404 751 752 678
753
754 251 251 755 756 261
94 757 94 758 94 94 94 94
286
17 17 17 17 759 17 17 143 17 760 143 143 143 34 17 143 317 17 317 17 143 143 143 761 143 17 17
317 762 17 145 317 17 763 764 764 765 740 17 766 766 767 766 766 16 16 16 17 16 17 17 16 16 766 766 17 768 261 17 317 766 17 17 17
0 725 209 12 627 220 726 209 727 220 726
251
401 769 770 492 492
493 771 771 772 773
774 775 776
777 777 777 777 777 778 777 777 779 777 778 777
780 781 554 186
782 783 784 785 786 787
788 595 788 788 788 134 788 134 789 53 788
790 791 790 790
792
193 793 158 217 217 794 217 158 217 795 796 797 217 158 217 794 798 217 158 17 794 217
19 231 0 481 799 800
138
507 801 802 803 804 142 182 182 507 805 507 507 182 182 182 182
37 37 37 806 37 807
808 809 738 140 52 809 810 142 140 17 143 337 811 812 270
813 248 814 815 816
817 818 819 819 819 780
489
19 820 820 392 821
574
822
805 823 17 17 480 17 17 17
612
323
824 825 826 826 186 827 186 826 186 828 828 825 829 533 415 829 829 830 829 829 825 831 825
15 725 209 12 627 220 726 209 727 220 726
832 833 834 835
836 401 836 5 0
837 209 838 839 505 837 209 837 840 841 842 50
33 401
196 197 198 196 196 199
189 843 843 14 844 186 186 595 186 845 187 186 14 845
846 574
261 220
265 193 847 217 217 217 848 217 217 847 849 847 849
850 707 181 182
186 187 186
851
852 853 854 855
856 239
857 858
859
83 248 860
861 248 862 863 864 865 866 20 867 251 868 869 870 871 872 873 874
261 875 261
876 248 876 877 878 878 879 879
880 881 882
52 132 94 123
261 883 884 884 885
886 887 886
466
888 128 889
94 648 123
350 890 734
33 33 299 891 32 33 891
892 802 142 802
893 894 895
896 897 898 899
401 900
901 902
903 904 904
905
906 323 323 323
326 20
261 907 908 909 343 261 910 186 910 19 343
317 911 912 809 19 318 334 76 89 913 17 143 317 143 914 16 34 77 915 17 16 17 916 16 915 17 17 17 17 17 17 17 17 916 916 916
264 94 264 541 94 94 94 94 94
917 918 918 919
920
921 922 923 924 128 925
926 927 928 929 930
251 251
248 931 932
933 934
922 935 936 937 938
939
940 941 942 943
944 945 946
947 948 949 950 950 951
261 952 220 953
261
518 248
754
954 326 955 956 957 43 501 658 261
958 959 129 960 961 936
962 248 248 963 248
964 965
518
966 967
968 969 970 971 972
518 973 636 248 20 974 658 975 976 248 636 20 974 585 977
978 614 614 614 979
980 981
982 43 983 984
985
986 585
987 959
988 989 988 988
947 990 991 992 993 254
994 493
995 996
997 248 998 248 248
493
988 261
251 251
999 1000 1001
1002 1003 1004 1005
248 1006 1007 1008
261
1009 1010 930
248 518 1011
1012
248 254 1013
1014
930 1015 1015 1015 1016
982 1017
1018
1019 1020
1021 1022 1023 222 1024
1025 518 1026
1027 1028 1028
1029 1029 1030
954 594 261
1031 1021
1032 1021 1021
220 1033 1034
736 1035 1036
1037
1038
1039 1040
12 1041 1042 1043 998 1044
1045
1023 1046 1047 1048
1021 1047 1028
1049
1050 1051
51 1052 1053 998 1054 1053 1052 998 1055 1056 998 1057 1058 998
1059 129 1060
518
51
1061 1061 1062 1061 1061 1063 714 1061 1062 1064 1065 1061 1062
220 1018 220 1066 1018 1018
1067 71 1068 1069
1070 1071 1072 518 1073 518 1074 1075 1076 1077 1078 1079 1071 1072
1080 1081 1082 43 1080 1082 1083 1084 1082 1085 1082 1082
1086 1087
1088 1089 1090 1091
248 1092 1093
51 998 1094 1095 1096
1097 1054 1098
1099
1100 220 1101 1102
1103 1104 1105 1106 1107
1108 1109 610
12 12
1110 1111
1110
1112 1113
1114
1115 1116 1117 1118 518 258
978 1119
1120 1121 1122 1123 1124 1125
1126 1021 1127
585 1128 1129 1130 1131
1132 1133 1053 1133
1134 12 1111 1135 1134 1134 1134 1134
220 1102 220 1101 1102 1136 220 1101 1136
1137 1138
1139
1140
518 518 518
1018
258
1141
12 1142 1142
1143 1144
1145 1145 1145 1146
1147
1148
1149 1150 1151 1152
1153
1154
1155 636 518 518 636 636 325 257 1156 1157 518 1158 1159
1160
521 1161 1162 1163 1164 1161 1165 1166 1167 1168 1161
1169
1170 1171 1172
1173 1174 1175
1176
1177 1177 248 1178 1179
1180 1180
1181 471 1182 923
1183 1184
1185 999 1186 518
12 1111 1187 1188
1189 1190 1190 1191
585 1192 1193 585 1193
1194
1195 1196 1004 1197
1198 1199 1200 1201
107 1202
1203 1204 1205 1205 1206 1207 1208 165 1205
1115 1019
1209 1210 1211
107 1111
1212 1213 1213 332 1214 1213
978
129
1215 1216 1217
518 1218 1219 1220 1221
1222
1223
404 404 1224 404 1225 1226
1100 1227
1194 165 1228
261 261 1229 132 382 261
404 404
1230
1231 1232 939 1231 1233 1234 1235 1236 12 165
953
1237
704 1238 1239 510 510 1239 1239
1240 1241 1242 591 350 1243 1244 1245 197
539
1110 1246
404 1247 1022 1022 1024 261 1248 1249 1024 1024
998 1250 1251 1252 1253 1254 12
1223
1125 1255 704
1256
261 1257 1258 220 988 261
1110
1223
12 1111 12 1111
1259 1260 1261 1021 1261 1260 1259 1261 1260 1262
1090 1263
248 248 1264 1265 1266
1136 1267 1267 1136
1187 1187 1223 1187 1223 1223
1268 248 1269 1269
248 1270 261
1223 953
471
51 1271 1272 1273
1150
1198 1274 1275 1200 1276 1223
1277 261
834 1223
1111 1111
230 471 1278 1279 1280
1281
1018
1223 1187 1282 1283 1223 1223 1223
261 1284
714 714 714 471 1285 14 1286
471 937 1287 1288
471 1289
1194 1194
1290
471 1253
505 1291 1292 505 988 1293 1294 988
947 1295 1296 1296 1297 1296 1296
1298 1299 1300 261 261 261 261 1299 51 261 261 261 261 1301 714 261 714 1256 258 1302 1303 1304 1305 222 1306 704 1307 1308 1309 1310 1311 1312 1313 1314 1315 1316 1317 1318
1319 1319 1319
1320 1320
51 1321 51 1322 1321 1321 1323 1321 998 998 998
1324 1018
220 1101 1202
1325 1326 1327 1328 1329 1330 1150 220 1023 1299 1331 1332
413 1250
167 1333 1334 1335 1335
12 1336 1133 1194
1337 1338 1339 1340 1341 1342 1343
12
1194 1344 1345 1194 1346 1222
1347
1348 165 1349 1350 1351 1352 1353 1354 1313 1355 1356 1357 1358 1359 1360 1361 1362 635 1354 1313 1363 1254 1364
1365 1366 1252
1187
1367 585
128
1368 1369
1370 1371 1372 1373 1374 1375 1376
1377 1378 1379
1380
1370 1381 1382 1383 1384 1385 1384 1386 1387 1386
1388 1389 1390 220 585
1391 1392
1370 1393 259 714 1394 1395 1396
1397 1398
1399
1400
1401
128 1402 254 1403 1256
1404 1405 1405 1406 1407 1408 1409 1405 1410 1404 1407 1411 1409 1412 1406 1413
1414 1415 1415 1416 1415 1417 1418 1414 1415 1419
1420 1421 1421 1422 1423 1424 1425 1424 1426 1422 1427 1428 1429
1430 544 1431 969 1432 1433 1434 1433 1435 1436 1436 518 1437
1405 1405 1404 1404 1405 585 1405 242 1404 1404 1404
1438 1439 1440 1441 1439 248 1439 1439 1442 1439 1439 1439 1439 1439 1443 1439 1439 1444 1445 1439
1446
1447 1448
1405 1404 1405 1404 1405 1404 1404 1404 1404 1404 1404 1449
1450
261 962 740 382 1451 1452 1453 261 930
1454 1455 1454 1455 1455 1454
1456
1405 1404 1404 1457 1404
1458 1370 1459 1459 1460
1461 1461 1462 1462 1462 1462
1447 1447
1463 1464 1465 392 1464 1466 1464 1447 1464
1467 1468 1468 1469
1470 1370 1471 1472 1473 1392
1417 1474 1475 1474 1476 1475 1477 1478
636 493
1479 132 132 132
1480 962 1481 962 1481 962 1481 1482 1481
1483
1484 1485 1486
1370 1487 1487
261 1488 248 1489 20 251 1490 248 71 1491 1492 1493 1494 261 1495 1496 20 1491
1497 1498 1499 1500 1501 1502 1500 1503
893
518
585 1504
1483 1505 1505 1505 1506 1507 1508 1509 1510 1378 607 1511 1512 1513 1514 1505 607 1505
1370 1515 1516 248 261 1517 1518
1519 1483
1520 1421 1521 261 220 1424 1521 1421 1522 1424 220
1523 1523
1524 1525 220 448 1526 585 1526 962 798 1527 962
1528 1529 1530 1531 1531 1531
1370 1405 128 1532 1404 1405 1533 1534 128 1404 1404 962 128 1532 1405 1505
1535 1394
704 1484 1485 1485 1536 1485 1486
1484 1537
1538 1539
1540 1541 1480 1542 1519 1406 652 1505 220 652 261 1519 1543 1544 1406 1459 1544 652
1545 1546 1523
1547 1548
1549 1550 1551 1552 1549 1551 1551 1549 1553 1549 1553
894 1554
1555 1556 1557
1558 1559 962 1560 1561 962 1562 1561 1563
1382 1564 1565 1382 1566 1567 1568
1569 1569 1570 1468 1571 1572 1572 1573 1574 1575 1573
1576 714 1577 414 1578 71 215 1579
1519
1580
1581 1505 1582
1583 1468 1468
1484 1584 1484 1585 1485 1586
1370 1587 1519 1414
1370 1588 1483 607 607 607 607 1589
1506 1370 1519 1590 1506 954 1591 1592 1590 1592 1592 1593
1594 1595 1596 1595 1597 1598 1595 1599 1595 1595 1600
1601
1602
1603 1604 1605 1603 1603 1572 1603 1603 1603
1606
1607 714
1608 1447 1609 1610 1611 1447 1612 1611 1613 1614 1612
1615 1616 1616 687 1616
1617
1370 1461 1618 962 1619 1620 1621 1462 1241
986 986
259 1622 1623
1624 1625 1625
1370 1487 1519 1487 1626 1627 1628 1487
1531 1531 1531 1531 1447 1531
1370 1629 1519 1630 1615 1631 1615 1632 1615
1633 1392 1392 1634 1635 1635
1636 1633 1637 1633 1638 261 585 220 1140 1090 1639 1123 1640 1633 1641 939 1642
1643 1644 259 1622
1645 585 1646 1645 1647 1648 1649 1650
1651 1652
1392
1653
1654
1426 1655 1656 1657 1658 1657
1659 1519 1569 1660 1625 1592 1661 1592
1426 1662
1523 1663 1545 1664 1665 1663 894 1663
1666 1666 1447
1667 1668 1669
585 1670 1671 1502 1672 1625 1673 1502
1459 1560 1674 1507 1367 1460 301 1675
1471 1676 1677 1531 1678 1531 1679 1680 1681 1682 1683
1684 1685 1686 1687 993
1271 939
1370 1688 1689 1690 1404 1690
1691
1692 1592 1592 1693 1592 1694 1592 1695 1695 1696 1519
939 1271 1697 1697 1698 1699
1447 1447
1469
254 1700 1700 1700 254
1690 1629 1701 1702 1615 894 1447 1652 1703 1525 1688 894 893
493 636
1704 1705 1704
1706
1370 1384 585 1384
1417 1370
1707 1708 929 929 1709 929 1239 929 1710 929
1370 1519 1150 1711
1506 1406 1712 1123 392 1123 392 1713 1714
1715 1471 1716 1717 585 1718 585 1719 1720 585 1721 585 1722 1723 1724
1725 1726
714
988 988
1727 1728 1729
1730 254 1730 1730 1730 1730 1730 1730 1730 1730 1730 1731
1379
1732 959
248 1733 1734
1735 1731
1729 1736 1379
714 1737 1730 261 1730 1730 1730 1730 1730 1730 1730 1730 1730 261 1730 1738 1739 1740 1730 1730 1730 1730
1741 1194 404 1729
962 988
1742 99 1743 1744 1023 1379
1745 1746 1747 1187 1748 1749 261 20
1750 988 962 1751 989
1044 988 1752 1044 1752
1730 1730 261 1730 1730 1730 1730 1730 1730 1730 1730 1738 1739 1740 1730
1753 1734 1734
1379 1754
1044 1044 1044 1755
1756 1757 1757 1757 1757 1757 1757
1745 220
1730 1730 254 893 1044
1758 1759 1760 1760 894
1379 1761
1733 1733 1733 1733 1733 1762 1763 1764 1765 1733
962 248 1766 1767 1768
1769 1769 1769 1769 261 1770 1769
1771 1771 1704
1772 261 258 1745
1379 1773 1774 1775
1750 988 962 1751 1750 1776 43 1750 988 962 1044
1777 962 1778 1779 962 1778 1779
1757 261 1757 1757 1757 1780 1757 261 1757 1379 261 1757 1781
1729 1782 1757 1733 1757 1733 1733 1733 1783 1784 1785 1733
1786
248 1787 1788 1789 1789 1789 1790 1790 1791 1792 1789 1793 1789 1794 1789
230 1213 1795 1795 962 1796 1025
1379 1757 1797 1379
261
1730 254 1798
988 1799 1800
1733 1775 1733 261 261 1801 1733
989 988 1802 1803 1804 1805 248 988 988
1772
261 1806
261 220 1140 1123
989 1807 962
962 962 1808 988
989 988 988 248 988 988 1809
1806 1810 1811
1044 1044
1771 1771 1730 1044
1812 1813
1730 1730 1044 1814 962
1762 1733
1745 1815
989 962 962 962 962 1816 962 962
1741 1817 1818 1819 1194
1379 1775 1775
1820 1821 1735
1258
1806 1811
1704 1822 1822 99 99
1772 1745
1745 1735
1823 1824 1825 1825
1194 1826 107 1827 392 1828
1230 43 962 962 962 1442
1829 261 248
1757 1757 1757 1757 1757 1757 1757 1757 1830
962 962
962
1745 261 20 1813
1757 1757 1757 1821 1757 1757 1757 1830
1044 939 1831 1832 1833 1834 1831 325 1831 1835 939 1831 325 261 325 939 1836 1837 325 261
1838 1839 261 1840 261 1841
1753
1728 1729
1823 1812 1842
1753 1379 1734 1757 1734
1771 1771 1843
1044 1844 261 1044 261
1845 1845
1828
1379 1379 1044 1379 1044 1044 261 261 1044 1379 1044 1044 1044 1379
1846
1847 261
1848 1727 1849 1848 1727 1850 1851
1379
1014 1852 1853
988
714 1824 1824
988 988 988 988 988 988 988 988 962 988
1044 1044
222 1854 1855 1856 1857 970 1858 988 988 731 731 962 1044 731
1044 1755 1044 1044
1730
1806 261
1859 1191 1191
1044 1044 1044 1044 1860 1044 1044
1829 261 261 974 1861 1862 1441
1757 1733 585 1757 1733 1863 1863 1864 1865 1866 1867 261 1840 261
1868 1379
261 1869 1812 261 1812 1054
988 988 988
1870 261
1733 1871 1733
1757 1733 1734 1504 1775 1757 1757
1846 714
714 1730 1733 1733
1044 1044
1044 1872 1044 1143 1044 1044 1873
1874 261 1870 20
1757 1757 1757
1757 1757 1757 1875 1757 261
1143 1044
1197 261 248 731 731 988 1197
1044 1044 1044 1044 1044 1044 1044 1044 1044 1044
1874 1874
1876 1370 1877 1878 1378 1877 1879 1880 1693 1880
1379 1845 1757 1733 1734
261 1230 1488 1881 1750 1882 1741 1883 1230 1741 1750
1044
20 947 1884 974 1811 261
1044 1044 1044
1874 1874
1757 1379 1757 1733 1733
1799 989 261 1488 1488 1230
652 1885 1588 1886 1887 1888 1150 1889 1890
1044 1891
988
1270 1892 1270 261 962 1893
1379
1894 1738 1894 1757 1757 1875
1895 1895 1895 1895 1895 1230 988
1896
1829 1370 1897
1831 20 251
1898 1769 1769 261 1769 1004 1899 261 1769 261
1900 1901 1902 1903 1901 864 1904 1718 1905 1901
988 988
1044 1044
1044 1044 1906
261 261 261
988 962 43 1230
261 940 1769 1769 1769 1769 1730 1730 1769 1730 1730 1907 1769 1769 1730 1769 1769 1745 1769 1769 1769 1769 1769
962 962
1908
933 1729 1909 1044
1044
261
230 1750
1730 254 1730 1730 1730 1730 1730
1044 1044 1044 1044
1745 1910 1769 326 441 1911 326 258 1769 1769 1912 893 1913 1769
20 1656
261 1909 1909
1379
1442 1442 1442 1751 1044
248 1914 1915
1730 1730 1730 962 1730 1730 1730 1806 1730 1730 1916
1745 261
1044
1917 1917 1755
1044 1044 1044
988
1044
1918 261 1918 1918 1919 1918 1806 1908 1731 1918
1730 893 1656 894
962 1920
1044
20
1921 261 1922 1921 1044 1015 1015
1044 1044 1044 1923 864 1924
1044 1755 1044 1874 1044 1874
1442
1044 1925 1926 1927 947 1191 930 1044 1044 1044 1926 1928
1929
1379
1044 1930 1044 1931 1044 1044 1044
261
1769 1932
962
1044 1044 1044 1044 1044 1933 1044 1933 1044
1044 1044 1044
1934 1044 1044 988
1044 1935 988 1442 988
1044 1935 988 1442 988
1143 1143 1143
1936 1937 1938 1715 1939
1940 1044 1750 1941 1942 1943 1940 1944
988 988
1379 1733 1733
1945 1729 1946 1797 1757
1769 1745 1910 1769
261 1820 261 20 1947 1456
1044 1044 1044 1044 1044 1924 1044 1044 1044 1948 1949 248 1831 956 261
1379
1945 1729
1044
962 1044 1750 1750
1887 1950 1950 1951
1952 1953 988 947 1954 1955
1730 1044 1730 1730 1730 1956 1730
1379 1379
988 988 1202
1757 1757 1757 258 1733
1379 1957 1379 585 1379 1379 1379
1958 962 1959
1960
962 1888 962 962
1379 1775
1639 1961 518 1962 1963
1379 1839 1379 1379 1745 1730
1730 261 1964
1965 1965 382 1966
1379 1797 1734 1733 1379 1757 962 1757 1379 1757
1811
1044
261 1967 1968 261 1969 1970 1806 1971 1968 261 1972 261 1973 1974 331 1973 220
1044 1975 974 1976
1757
1769 1044
1757 1757 1757 1757 258 1757
1977 1977 1977 894 1977 1977 1977 1044
1044
1044 1044 1044 1044 1044 1044 1769 1977 1978 1044 1044 1044 1044 1044
1846 1979
658 1806 1745 1769 1769 1730 1977 1978 1980 1806
248 1981 1982 1982 248 1982
1983 1984 1769 1769 1769
1985
333
962 962 989 962 962 1986 962 962 962 962 1987 962
1044
989 988 261 1988 1989 1990 1991 1992 549 1750 1988 261 261 1988
1993
962 1044 1044
1044 1994 652 43 1540
1995 1995
1996 988 1997 1998
962 988 923
953 1044
1600 248 1999 2000 2000 2001 922 2000
20 261
1730 1143
989
1145 1140 2002
962 962 962 962 1044 1442 962 2003 962 962
1044 1044 1044 1044 1044
988 989 1433
1169
1044 2004 2004
1264 2005 2006 2007 2006 2008 2006 2006 2009 2006
1044 1044 1044 1845
1044 1044 1044
1997 2010 2011 2012 2013
1778
962 962 962 962 962 962 962
1044 1044 1442 1956
1978
1044 1044 1044 1044 1044 1044 1044 1044
988 1997 986 988 988
962
989 2014 2015 2016 989
1230 988 2017 988 2018 988 988 988 988 2019
1704
2020
2021 2022 2023 2023
1778 2024 1778 2025
1044 1044
2026 2027
1932 1932 1932
2028 2029 2029
1044
1044
261 2030 2031 2032 2033
1044 261 1044 1935 1044 1442
2034 2034
2035 1044
988
989 988 988
2036
2037
1730 1730 944 1730
988
962 2038 988 947 988 1768 2039
1143 261 1143 1770 2040 1143 1143 261
962 962
1997 438
1256 2041
1044
2042 1153 350 404 1757 261
1983 1806 1456
261 1044 1044 1044 1351 549 1495 1044 1887 2043 2044 1044 1044
325 1156 2045 930
962 962 1796 962 2046 962 2047 2048 962
1044 2049 1044 1044 1044 988
1798 1844 2050
1044 1044
261 1956 2051 1956 2052 1956 261 1956 2053 1956 714
2054 2055 1953 1880 1468 2056 1741
2057
989 988
1769 1769 261 261 1798 1704 1798 1769 20 2058 1798 261 1769 1769
2059
1044
1044 1044 1044 1044 1044
2060 2060 1778
248 2061
1921 261
1044 2062 1044 2063 2064 2065
1044 1044
1044
988 261 988 1757
1044 1044 1044 1044 1044
1755 1044
251
1997 1787 2066 2067 2068 2066 2069 2070 261
12 404 2071
248 2072 2072 254 2072 1155 2073
2074 2075 2075 2075 2076 2075 988
2077 1778 1778 2078 947 1778 2079
1044 2080 1044 1044
1870 1015
988
1978 1918
1044 1044 1044
1044
2081 988 988
989 988 962
988 1143 2082 1044 1779 1004 2083 2084 988
954 1758 2085 261 714
1044 2038 1779 962 988 2086
989 988 261 988 261 2087 2088 261 1370 1688 2089 2090 714 2091 2092 585 1149 2093 2013 2094
1044
1779
989 962 962
988 989 230 2095 1044
988
1953 1745
1044 1044 1044
1044 1730 1044
988 988 988 2096 2097 248
1778 1778 2098
2099 947 2100 261 1044
1264 1779 1044 1044 1044 1044 1044 1779
325 518 2101
1778
2102
1044 1044 2103 2103 2104 2105
988 988 2006 1778 2106 2006
456 988 988 456 988 1997 456
1044 1935 1044 261 1882 1044 261 2107 2108 1044
1044 1044 1044 1044
1044 1044 1044 1044 1044 1044
1779 1932 1932 1932 1932 1932 1932 1779 2109 1044
1778
988 456 261 404 2110 2111 988 220 988
989 988 2060 956 2112 1017 149 2113 2114 2115 975 2116 261 988 2117 261 1044
261 1741 2118
1379
1932 1932 1779 1932 1932 1779 889 2119 1932 2119 1779 1932 1779
988 988 2120 988 988 988 988 1997 923
261 1044 1044 1044 1751 1044 2121 1044 1004 1044 1150 1232
988 2003 988 1845 2122 2123 1685 2124 1433 988
2006 1044 1956 2006
261 261 1757 2125 261 2126 261 2127 2127
988 988 988 988
220 1040
2128 518 2128
1442
2129 261 261
1769
2130 261
947 2131 2132 947 1044 1143 1143 1044
989 1787 988 248 1997 1997 261
989 988 988 988 2133
1379 1379 1757 261 933
988 1044 1044 1044 1044
456 988 261 2134
1044 1779 1044 1044
989 988 962 988 20 261 1831
988 988 988 988
1044 1956 1044 1044 1044
989 988 988 988 2060 956 2112 1017 149 2113 2114 2115 975 2116 261
930
1769
2135 988 2136 1202 988 2136 962
1442
2137 261 989 2138 261
2139 988
2140 956 2141 2142 1643
2143 2144 2128 2145
989 988 2146
1247 1707 1707 2147 998 2148
988
989
947
894 2149 1779
962 1657
989 988 988 2150
2151 1750 261 2152 2153 2154 2152
261 1488 962 2155 2156 1488 1741 261
261 1735
261 1488 230 1488 1044 1488 962 261 1488 962 2155 2156
248 1799 2157 988
988 988 149 1477 2158 1778 930
1846 714
1799
989 988 988
2159 2160
2161
962 962 962 962 962 962 962 962 962
1741 261
988 988 2162 988 2162 988
2163 988 988
962 1044 1044 962 962
1370 1897 2164 2165 2164 261 1750 2164 220 2164 2164 1230 962
988 988 2120 2166 2167 2168 947 261 2169 988 988 988
2170 765
923 2171 939 2172 2173 2174
1143 1143 1143 1143 1143 1143
962 261 230 2155
2175 261 248 20
1757 2176 2177 1757 2178 1757 2179 1909 1909
1044 1044 1044 1044 1044
2180
1143 1143 1842 1143
989 962 988 230 1741 1230 1730
1734 1734
1956 1812 2084
2181 2182 2183 1840 2184 1840 2185 2186
501 2187 636
1787 988 1730 2188
2189 261
128 2190 636 2191
2192 2193 1442 261 2194 930 1442
2195 2196 2197 959 2196 2198
1871 2199 2200
261 2201
636
989 988 988 988
1908 2202 1908 1908 1770 1908 1908
2203 2204
1143
2205 1770 2040 1770 2205 1735
1044 1044 2206 1745
2207 2208 2208 1603
962 988
2209 2210 2211 1044
988 988 988 988 2212 988 988 1997
71
969 1143 1143 1143 1143
989 261 988 248 261 2213 261 988 248 261 988 261
1044 1259
2214 261 2215 261
1143
2216 1519
1044 1044
1202
989 988 988
1771 1771 930 1771 326 1771 1771
2217 1379 1379 2218
1044 2219
947 989
2220 1730
1978 261 261 1978 1735
988
1022
714 261 261 2221
261 1779 261
1044
261 1978 1908 1044 261 2222 2223 261 90 1918
2224 894
2225
930
2226 1730 2227
1769 261 1769 1769 1798 1769
261 332 20 954 261 2228 2229 2230
1730
1143 20 20 1143 1143 1143 1044 20 1143 2231 2038 2232 1143 1143
1980
1044
1044 1978 1730 1044 2233 962 1044 2234 2235 1143
1143 1044 1191
989 1044 714 1246 261
261 261 261
1956 1956 1956
1980 1730 1977 1956
1978 1730 1980 1977 1044
261 261 970 404 1735
1771 1229
1143
1943 2236 2237 2238
2239 2240 2241 1044
2242 1729 2243 2242 1044 1044
2244 2245 2244
2246 2131
940 1769 2247 2247 20 1769 1191
1811
549 1044 923 1044 1044 1044 2248 2249 2250 1264 2251
1023 2252 1022 2253 2253
989
1730 1730 1983 1806 1730
2254
2255 2256 975 954 1495
2257 894 261 1770 2040 261 1143 2258
1044 1044 1044 1044 1044 1004
1256
1779 1731
2259 2260 1908 2261
1795 1054 989 954 261 261 2262 2263 2264 261
1044 1044 1044
261
989 1044 1044 1821 1044 1044 261
1256 261 1729 261 1976 261 1729 261
989 988 988 2265 988
1044 1044 1044 1044
1779 2266 2267
2268 1143 1143 1143 962
1823 1824 2269 1824 549 2270
1864 1394 1394 2271 2272 962 1601 2271 1415 1415
2273 2274 2275
1745 2276 1044
2277
1448
636
2278
2279 2280 2279 2279 2281 2282
2283 2284 2283 2284 248
1915 2285
567 567
2286
2287 2287 2288
2289 2289 2290 2291 2292 2292 2289 2293 2292 2290 2294 2295 989 2289 2289
2296 64 923
956 2297 2298 2299
2277 2300 2301 2302 2303 2302 2302 2303 2302 2303 962
1044
2304
947 518 2305
1202 2306
2307 2308 2309 2308 2310 2311
636 1495 20 248
866
2312
1768
2313
866 2314 2304
2315 1230
71 2316
2317 2318 2319 2320
2141
2321 254 518
636
1202
2322 2323 2324 2020
261 2325
2326
1417 2327 2328 2329
1021 2330
2331 2332 2333 866 2332 2334 2315
956 2298 2335
2336 2337
2338 2339 2340 2341 954 2342 1614 2343
2344 1006 2344 2344 2344
1071
2345 2304
2338
2346 2347 2346 2346 1150
2348 2349 1436 2350 1436 1436 1436 2351 1436 2352 2353
1370
2354 2355 2356
959 2357 2358 2359 2344
2360 1952
261
1371
128 2361 2362 2361 2361 636 1818 636 2361 652 2361
261
866
1495 2360 2363
1614
636 636
2364 1002
2365 2366 2367 2366 2366
518 1006
1495 2368
2369
2370 257 2371 1831 998 2372
1202
1424
382 2373 2374
2375 2376
948
2377 2278 866
2378 261
2379
2380
1424
2381 2352 923
2382 2383 2384 2385 2383 118 118 2384
1446 2311 2311 1002 1446
149
585 12 107 2386 1194 107 1194 1194 1194 404 2387 1194 165 165 1194 165 2388 154 1194 107 107 901 2389 2390 2391 107 2392 2393 107 2084
2394
2395 2396 2396 2396 2396 2397
2314 866
636 2398
248
536 261 585 2399 2400
1071 2401
261 2402 2403 618
518 2404
261 2402 2405 2406 2405
2311 1446 1446 962 2311
2304
1699 1826
2407 2408 2408 1171 2409 2408 2408 2408 2408 2410
862 956 248
261
248 518 2411 2412
2338 2339 2340
2413 2414 2344 2344
2311 2311 1446 2311 962 2415 2311 2311
2416
2417 2417
518 1707 2418 2419
2311 1446 962 962
2290 2291 2291
636 248 261
518
2420 2310 2421 2422 2423 2424 1694 2425 2426 2427
2428 2048 2048 2429 2430 2431 2048
2432 1942
2343 2343
636 636
2433 2434 2435
2436 493 2304
2437 2438 1019 2439 2440 11 43 2441 248 2166 2442 1441 2443 2444 2445 2446 2447
1446 1446 2311
518 2448
2449 1382 1371 2449 2449 894 1382 2449 2449 2449 2449 2449 2449 2449
2450 2451 2451 2451 2452 2451 2453 2454
2455 2455 1202 2455 2456 2456 2310 2456
128 2457 2458
2459
2460
1399 2461 2461 2461 2462 2463 467 2464
585 448 220 2465 2466
2467 1415
786 786 786 786 786 786 786 786 786 786 786 786 786
518 2468
2469
1888 862 2470
2290 2290 2471 2291 2472 2291 2291 2291
251 2473 251 2474
982
2475 2476
2477 261 2417 2478 2479
2293 2293 1275
2480 2481 2482 2483 2484 2485 2486 2487 2488 2489 2490 2491 2492 2493
947 2494 2495 2495 2496 930
2497 2498
2499 2500 2501 2501 2502 2503 2504 2504 988 2499 2504 259 1622
876 2505
1915 2506 2507 2508 2508 2508
2509
326 2510
1699
2511 2512 251
2509
2513 2514 2513 2515 989
2417 2417
2516 2517 1887 2518 261 2518 2518 2518 128
2418 518 2519
2520
518 2521
1417 2522 2504 2504 2504 491 2523 2504 2524 2504 2525 2515
2417 2417
866 2526 2527 2528
149 149 518 2529 2530
2531 1915 2291
947 998
2532 1477 2532
2278
518 2533
518 2534
585
549 549
1440 1440 1440 1440 1440 1440 1440 1440 1440 1440
2535 2536 2535 2535 2536 2537 251 2536 2536 2535 1864 1864 1378 2538 2535 2536 2536 2536 2536
518 2539 2540 1258
2324
2541
2542 1258
2543
2544 2290 2291 2291
1014 2545 2545 798 2546
1417 2292 2293 2293 2293 2293 2293 2293 2293 2293 2293
2547 2547 285 2304
2548 2549
2550 261 2551 2552 261 2553 532 251 2479 261
518 2554
1888 1494 518
71 2555 1003 2022 2556 2022 2557
2381 2352 2324 2558 2559 2559 2324 2559 2558 2560 636 2559 2559 1002
43 43 2561 1846 43 2562
493
2417 2417
518 2563 2506
128
2564 259 2564
518
1831 2565 2566 261
2278
636 2336 2078 2567
2568 2569 2431 1810 2431 932 2431 2431
2304
1965 923 2570
257 518
2278
518
261 261 248 254
2278 2336 1831 90
2304
2290 2291 2291 2289 2291 2289 2291
248 2571 2572 2573 2574 2575 2576 2575 2575 2575 2577
2578
1417 2579 2580 2497 2579 2497 1980 2581 2579 2582 1980 2579
2509 2583 2584
518 2054 2371
2585 2585 2585 2585 2586 2585 2585 2587
2304
2588 2589 2590 2591
2381 2352 2592 1442 2304
2593 2506
2594 2595
2596
2597 2598 1439
518 2599 2600 959
549 2601
2602 1112 2603 2604 894 2604 2604 220
261 261
254 258
636 2605 2606 2607 2608 2609 2279
2610 2611 2612 2613 2614 2615 2612 1001 2612 254 1552 1477 2616 1840
2589 2589
1569
944 518 636 2617
2352 2089 2618 2618
2619 2440 2620 2621
2622 2515 1412 2525 2525 2623 2525 2525 2525 2525 2515 2624
2450 2625 1852 2626 2450 2627 2628 1779
2629
2290 2290 2291 2291 2291 2291 2291
234 2630 2631 2632 2633
1417 2294 2634
585 585 2635 2636 2637 2638
2639 2640 2641
636 636 2642
2643 2589
2278 248 923 258 248
2290 2291 2644 2291 2645 2646 2647 2293 2291 2293 2291 2648 2649 2293 2291
2650 2651 2650 2652 2653
2654
2338 2339 2340 2655
2656 2557 2290 2557 962 2291 2557 2557 2291 2557 2291 2557
636 2657
1699 1768
2658
2659 2660 518 549
1044 1044 128
2661
1417 2542 2662 2662 2663 2662 2664 2662 2662
1417 2665 2666 2666 2666 2666
2667 2667 2307
2668 1003 2668 1189 2668
932 2669 932 254 2670
2671 518 2672
1044 1044 1044
714 989
2673 2674 2675 2673 2676 2673
2677 896 2678
518 2679
2680
2278
2681 2682 636 2683 258
261
2497 2498 2684
2336 2685 2336
1417 1370
2686 2687 2352 2558 1002 2688
2689 2690 2691
2692 2304
2693
658 518 2694
1021 1699
2695 2278 2695
1831 518
1417 2696 1417 2485 2697 2293 2698 1436 2293 2293 2699 2485 2293 1436
2700 2308 2308 2308 923 2308 2308 2308 2700 2141 2701 2700 923
1721
2702 2702 2702 2702 2702 2703 2704
2705 2705 2706
248 2707 2708 2709 1998 2709 2710 2709 2711 2333 2333
767
2712 261
876 2505 876 2713 2505 936
43 2342 962
2290 2291 2291 1230 2291 2291 2291
1417 1417 2714 2715
1494 2716 544 261 1494 1494
248 969
2399
2717 954 2338 2339 2718 1699 2403 2719
2720 518 2721
248 2722 2723
1477 2724 149 2725 1477 2726
133 133 969
1417 2727 929 2728 2482 2290 1412 2729 2730 2731 2732 2733 929
2734 2336 2735 2736 2737
2738 1143 1769 149 43 2739 2060 2166
956 254 2740
261 2741 2742 2743 2744
2745 2746 947 254 2747
2748
1202 2749 2360 2363
258 636 2749 2750
261 2751
1402 776 2752 2753 2754 1402 2755 2756 2757 2758 2759
2336 2760 2761
2060
1942 2762 2763 2764
2765 2766 2766 894 2766 2767 1910 261
2768 1634 1634
2544
2769 1182
2131
1351 2770 2771 2771 1477 1477 2726 1477 2772 2773 1351 64 1351 2774 1229 1699 2775
2749 2749
248 2571 2574 2575 2575 2575 2776 2575 2575 2575 2575 1824
2290 1412 2777 2289 2778
2779 2343 1826
133 2780 2781 2782
1417 2783 1477 1477 2784 2785 1477 1477 2786 1477 1477
43 2787 2788
1569 1370 1569 1569
929 2789 929 2278 929 929 2790 929
585 1044 261 585 585
1421 1424 714 2791 2792 1421 2793 1421 1424 962 988 1420 1421 1421 1421
2794
2795 2796 2797
261
2730 2336 1495 2798 2618
518 2799
2679 957 518 2800 944 2801 518
2802 2803 2804 1296 2805
20
1440 1440 1440 1440 1440 1440 2341
2806 2807 1700 2291 2808 1600
1477 2783 1477 1477 1477 2783 1477 1477 1477 1477 2783 1477 1477 2783 1477 1477 1477 1477 2329 2809 2810
2811 325 2812 2811 2811 2811
2813 929 2814 929
939 939 939
248 2020 2815 2816 2817 1505 2817 2817 2817
2818 2819 2524 2515 2820 2821 1440 2822 2821 1440 2822
929 929 929 929 929 929 929 128 1371 2789
2030 2823 986
2338 2339 2340 2824 2304
1942 1337 2825 2826 2827
1440 2828 248
1417 2829 2830 2830 2830 128 2831 2830 2832 2830 2830
2833 1412 2819 2834 2835
2749 786 2749 2749 2749 2836 2749 786
2336 2837 636
1442
2819 2336 437 2838 2839 2676
2840 2841 1417 2842 2843 1417 2844 2166 2333 2845 2846 2847
1017 2848 2849 2850
1489
1003 2851 2852 1942 2853
2854 2855
636
1370 1370
2856 261 20 2857 177 2858 2859 2248 1071 261 2860 866 2861 930
2862 437 254 2336 929 2789 929 2438 929 894 2863 929
2618 2618
2342 2343 939 2864
2865 2866 1481 2867 1481 1588 447 1481 1588
956 2515 956 2515 2525 2513 2515 956 2515 2525 956 254 2525 2525 2525
2868 2869 2870 261 261
20 20 251 251 2871 20 1942
2872 2872 2873 2874 936 2875 2876 2278 2874 2876 2876
2278
2622 2515 1412 2515 2515 2515 956 2525 2525 956 2525 2525 2515 956 2525 197 2525
1417 2662 1417 1202 2662 2664 1093 1417 2877 2662 2664 2664 2878 2879 2829 2485 1016 2880 2664 2664 2664 2664 2881 2882
2883 853
2336 2884 2885 2886 2885 2887 2277 2888 2886 2277 2886 2886 2277 2886 2886 2886 2886
2889 2889
2890 2891 2892 2892 2892 2892 2892 2892 2892 2893
1417 2894 2895 2896 2897 149
2898 2899 2886 2048 2886 2048
2900 2872
2901 2902 2450 2901 149 2903 2450
2343 988 2343 2342 2749 1446 1681
1299 1299
2904 2905 2905 2906 2905 2693 2907 2905
1230 2908 2749 2749 2749 962 2749 1538 2311 2749 2749 1538 1538 1853 2749 962 1538 2749 2311 1446 2749
2909 2293 2293 962 2293 2336 2910 962 2293 2911 929 2912 2291
2913 2914 2915 2914 2916 962 2916 2916 2916
71 99 2917 2918 1003 261 2919 261 2918
1370 2749 1446 1538 2749 1538 2920 2921 2921 2922 1446 1538
2749 1538 2749 962 1538 962 2749 1538 1538 2749 1538 2749 2923 1538 2749 2749 1538
1417 2924
149 1477 2925 2926 1477 2927 1296 1296 2928 2929 2930
128
1538 1538 2931
923
1406 2932 2932 2932
2933 2829 2934 2935 2936 2937 2938 2939
2338 2339 2940
128 128 2657
2941 2942 2943 2944 1384 2944
2162 2440 2162 2945 2946 2162 2162 2162 2947 2013 2948 2949 1685 2162
2950 2749 2749 2749 2749 786 2749 786 2749 786 786 2749 2749 261 2749 1446 1538
1406 2932 1370 2932 1523 1406
1417 2727 929 2728 2482 2293 2293 962 962 2293
1417 2894 2336 2895 493 2880 2128 2951 2952
2953 2954
1500 1500 974 2955 767 767 2956 2957 2958 128 2958 974 1440 974 1440 2959 767 2960 1500 2961
1538 1538 1538 1370 1538 1370 1538 2962 2963 1555
2964 2965 2964 2965
2966 2839 962 2676 989 962 64
2967 1439
2968 2969 2970 2971 2972 2973 2974
2975 2976 1164 2977 2978 636 2979 2980 2977
248 2981 2333 251 2333 2982 2333 2982 2333 2983 2333 2333 2982 2333 2982
636 636 128 2984 636
2985 2336
1370 2986 2987 1555 1630
2988 2989 2761 128 2989 2989 2989
862 2315 2315 2315
993 2343 1370 2343 261 1378 1864 1471 261 261 261 248 636 2342
2278 2336 2990 128 2991 2992
2809 2993 2809 2141 2994 2809
1538 1538 962 2931 2931 2995 1538 1538 1538 1538 1538
1448 2166
2996 129 128 2403 636 2997 2998
2730 2336 2798
962 2999 962 988 2749 2749 939 2749 3000 786 2749 3001 2218 3002 786 3003 786 2836 786 585 2218 3004 786 1867 3005 786
2311 2311 1446 1446 1446 2311 3006 2311 1370 786 962 2311 2311 2749
3007 3008 3008 3008 3008
3009 3010 2809 2809
248 3011 3012
2999 2749 2749 989 2749 3013 2749 2749 2749 786
607 607
2403 2809 2043
3014
2338 2339 1402
3015 2543
2278 3016 1831
2818 2513 3017 1417 893 3018
3019
1417 1239 3020 3021 1239 3022 3023 1239 3022 1239 3024 3022
3025 3026 2020 2020
1831 1831 3027 3028 3029 3030 1831 3022 3031 258 261
2278 754 3032 3033 3033 3033 3033 3033 3033 3033 3033 3033 3033 3034 3033 3033
1412 863
2291 2291 3035 2291 2291 2995 2291 3036 2291
2290 1417 2728 3037 3038 932 2291 3039 3040 3041 149 2403
128 888 3042
3043 866
922
2515 3044 2525 2525 2525
3045 3046
1417 3047 3048 3048 3048 3048 3048 3048 3048
3049 2278 3049 3041 3050 3051 3050 3050 3050 3049 3051 3050 2403 3050 248 1489
3052 636 2166 3053 3054 128 128
254
1417 2833 2515 2515 2749 2525 2525 3055 2525 3056 2525 2525 862 2525
2833 3057 2525 2515
2991 2336 2991 2291 2471
3058 2278
3059 3060 3061
544 518 3062 251
2749 786 2749 786 1390 3063 2749 1390 2749 2749
3064 3065 3065 501 3065
3066 1417 1417
3067 1417 3068
248 3069 3070 1495 3071
2131 3049 3049 3072 3050
3073
2336 325 962 325 197
3074 3075 2278 3075
2360 1952 2360 1952
441 3076
636 1132 3077 636
1495 2368 1803
3078
714 3079
1920 3080 3081
714 3079 1182 3082 1182 3082 3083 1182 165 3084 3085 3086 3085 1198 3087 3088 254 253 3089 253 3090
1977 1730 1980 3091 1977 1730 1980 1980 1977 3092 1977 261 3093
3094
1379 3095 3096 3097
1379 3098 1757 3099 1909 1379 1729
3100 68
3101 3102
3103 3104 3104 3104
3105 3106 3107 3108 3107 3109 242 332 3107 3110 3107 242 3107 3109 242
261 3111 261 1299 261 1054 3112 3113 261 1752 3114 800 1752 3115 332
261 1844 3116 20 261 261 3117 3118
2133 3119 1846 3119 1704 1846 3120 3121 3122 3123 1704
20 20
3103 3104
3124 1379 1757 1733 3125 1757 1757 1757 1757 3126 1757
1891 3127 1891 1891 1891 261 3128 1044 261 1891 1044 1891 3129 20 1891 3130
3131 1693
3132
3101
3133 3134 3135
3107 3136 2963
1395
3137
1379 1379
3138 1379 1379 1379
658 3139 2175
3140 1488
1770 3141
20 20 20 20 20 20
1741 2118
3142 3143 1812 3144 1812 3144 3145 1989 1840 3146 3147
3148 3149 1740
1752
261 1779 3150 1739 1779
1021
2352
3107 1229 3151 3107 3107 3107 3152 3107
3153
1920 1920
3154 3155 3156 1739 3157 3158 3159 1693
3160 3161 1121 3162 1121 3163 3164 3164
1059 3154 1757 1739 3165 3166 3156 3156 1739 3156
3167 3132
3119
1617 3168 3165
3165 3095 3169 3170 3171
3172 1259 3173
1187 3174 1187 1849 77 3175 3176 3177 1187 1187 1187
3165
3171
3178 3179
20 20 3180 20 3181 3182 3183 3184 20 3185 3186
253 3187
3168 3188 3169
2013 1080 1014 2013 3189 1044
3190 3191 3191 3192 962 3192
1741 2118 3193 3194
1022 1022
3195
1909 3196 1909 1942 51 3197 3198 3199 3200 736 3201 1023 3202 3191 3203 1729 2071 220 1023 3191 1123 585 165 154 1090 3204 3205 3206 3207 1379 1757 1942
3208 3209 1496 3210 3211 399 1496 3210 806 3212
3213 3083 3214 3213 3214
1849 3215 3216 261 261
3217 261
3218 1658 3219 3220 3221
3222 1739 3156 3176
3223
1740 1894 3224
3225 3226 3227 20 3228 3229 20 1495 326 261 20 3230 20 20
3231 1198 3200 3232 1140 1386
230 3233
3163 3216 258
1881 3234 3234
3235 1849 3235 3235 3235
3236 3237 585 1639 1639 3171 3236 585 3171
3238 3239 261 261 3239 261 3239 261
1730 3240 957 953
1085 3241 3241 3242 3243 3244 3245 3241 3243
3246 3218 3168
3247 585 1989 1887 3248 3249 230
3234
248 261 261 261 261 3250 3251 248 261 261 261
3154 3252
3132 3167 1797 3132 1321 3235
1738 3156 978 692 692 1738 3253 3254 332 3156 1894 3255 692
3256 261 1910 3257 962 3257
3219 3220 3258
3259 1887
1194 107 404
3260 3261
3167 3262 3132 3263
12 2229 1886 1347 3264 978 692 3264 2229 978 692 222 692
3265
230
3266
2057
1969 3267
714 3268 3269 3270 3271
3234
3272 3273 585 1060 714 3171
3274 3275 1894 3149 1740
20 3276 20 20 3277 20 3278 3279 20 3280 261 20
3281 1198 164 1200 3282 3283 3284 1198 1198 1198 1200 164 3282 3283 230 3285
3137 1741 2118 3237 3286 258 3287 714 3288 3289 148
3290 3291 3084
714 3292 3293 3294 3295 3292 3296 3297 3294 3298
3171
3215 350 3299 350 3216 3300
3095 3165 3301 3018
3302 1704
1150 3303 3303 610 610 2052
3171 3304 3305 3306 3165 1920 1241
3307
3308 1752
220
3309 3119
3167 3132
1021 3156 585 585
3262 3132 3263 1894 3310 1850 3311 3114 3167 3167 3312 1740 3313 3314 3310
3237 3171 3304 585
2217 1379
3315 3316 962 3317
1225 1752 1752 3115 1225
20 3318 3319
1658 3156 3320 3156
1745
148 3165
1846
1194 3321 3322 2229 3323 2229 3324 305 3325
3255 3165
3326 3165 3327 3328 3255 12 3200
3213 3329 3200 3330 3084 3329 3329 3329 3086 3213 3331 3329
1795
1260 1260 3332 3333 1260 1260 3334 3335 37 3336 3337 3338 3339
3200 3087 3200 3340 2229 3200 3283
3341 3341 3341 3341 3342
261 234 3343 3344 1849 3215
3119 3345 3119 3119
3289 1874 1121 3346 714 3347
3148 1740 3156 3156
230 1881 1741 1741
1426
3163 3216 3216
3348
1259 3349
3350 3234 3119
3351 3352 1770 261 1770 3353 3176 1392 3352 1770 3354
3355 1745 1894 1894 1738 1894
3169 3170 3169 3356 3357 3170 1107 3358
3163 3216 3359 1021 3300
2015 3360 454
3081
1202 970
3154 3097 1357
3176 585 598 1150
3168 3361 3304 3168 3362 3363 60 3364 3365 60 1851
3366 3367 978 692 978
1202 1770 1770 2043 3368 1770 261 1770
1920 3369 1015
3234 3370 3371 598 3372
261 1770 1770 1704 1770
3373
3374 3163 372
3375 3200 3376 1456 1693 1354 3377 3200
3378
3025 3379 253 2419 3380 3381
3382
3195 3195
3081
3200 3200 3200 3383 3200
1658 3215
220 3384 890 3337 505
1021
1321 1321 3385 3386 3387 2242 1850 1321 585
1021 3388 3389
3390 1741 3391 3392 3392 230 3163 3393 3394 3395
3084 3396 3213 3397 3083 3398 3213 3399 3398 1187 3083 3400
3401 3402
258 3403 3325 3404 3405 3406 3407 3404 3405 3408 3403
3255 3255 3318 3165 3165
3409 3409 3410 3360 3411 3409 2623 3412 3412
1021 3413
220 3381 952 220 952
3171 3165 3255 3414 258
3218
3415 3416 3416 3416 3417
1194 1194 2052 3335 1260 3418 3203 3419 1280 3420 3421 145 3422
3423 3424 1739 3423 1739 3218 1739
3095 988 3425
3200 1021 585 1740 3156 3289 3426 220
3262 3263 248 3427 261 3167 3132 1321 3428 3429 3235 1894 3430 3431 1261 1918 1379 3432 3347 1797
3200 3200
1730 3240 1730 2801 1182 197 3433 944 3240
3219 1023 989 3220
3163 3237
2242 2242 3434 3435 3434 3235 3235 3436 3386 3235 3437
3215
3237 3165
3389 3389
3234 1019 3438
3439
1733 3318 332 2620
2911 166 166 3255
3440 2664 2664 149 2664 149 3280 2664 3280 3441 3442 2664 3443 3444
1282
2043
3237
1753 1734 1734 1734 1734 1734 1734 1734
3445 3215 3277 3446 3447 1849
3448 3322 3325 3449 3450 3449
2229 3451 1022 3452 1022 3453 1022 1022 2229 1022 1022 12 1022 2229 1022 3454 2229 1022 1022 12 3455 3456
1019 3389 1014 3389
3457 3156 3148 3156 1740 3156 3261 3148 1150 448 585 1090 1840 3148
220 2189
3458 3459 2624 3285 3458 3460 220 3461
2217 230
3237 3462 3462 3463 3171 3165
2052
3247 585 1639 3176 3464 1080 1150 585 1639 1090 3465 3466
3237 3304 3165 3132
3467 350 471
3468 3417 3241 3104 3469 1693 585 3470
3168 3222 1739 1942 1942 1942 1021 585
1044 1044 220 1044 1044
261 261
3471 3472 3473
3234 3474
3475
1379
3476 3477 3478 3479 230 1737 3255
1447 3480
3171
3234 3481
1233 3289 3482 3483 3483
3484 3163 1259
3485 1770
3486 3487 1044 3488
1757 1757 1757 1757 1757 1757 222 765
3417 3489 986
3172 3172 1488 350 3233 1741
251 3490 261 3310 3491 3492 3310
636 1733 1379 2179 1733 3167
3493 3494 3367
1488 3495 3496 3172
1739 1739 3165
3215 3216 3272
261 3468 1227 3497 3498 636 261 3241 3241 1227 3497 3163 3241
3300 3499
1259 953 3500 3501 3502
220 585 3503 220 585 3504 585
248 3505 1270 413 413 894 3506 413 1006 3507 3508
3409 3509 3510
3511 3512 248
1849 3215 1849 3215 3163 248 1489 3215 3513
3237 372 3255 3514 3515
3516 3195 3517 3195
3310 3165 3304 1844 2004 3171 3518
1737 3519 714 261 3520 3519 3521 524 3522 261 261 1779 3523 3524 714
3156 1920
3171 3363 3165
148
3525 392 3409
1745 3328 3526 3527 3528 3529 3526
3530 3531
3417 3208 3532 220 1074 3533 1812 220 3534 3535 3536 3537 3204 165 3538 448 693
3539 3540 3541 1989 3542 3540 3543 3540 3542
1379 3544 585 1853
3081 3119
1021 1021 3165
3475
12 12 1871 222 404
1379 1734 1734 1734
3545 3546 3307 3413 3307 3545
3547 3280 1741 3280 1887 3548 261 1887 3549 1887
194 1171 3550 3428
610 3551 3303 610 610 2052
12 1871 222 1848 1021 12 1871 222 404 3552
3163
1044 2050
1021 1021 1379
128 3084 3083 3086 3090
3386 261 261 714 3553 248
3215 3554
3171 3255 3255
1488 12 3338 3545
3215 3499 3156
1741 1021 1795 1739 1844 3555 3556
3434 3557 3434 3558 2242 1850 3235 3435 3434 3386 3235 3559 3558 610 3560 3561 3235 3558 3435 3401 3235 3558 3235 2242
1021 3562
3215 3318
1741 1795 1741 1795 148 1795 1795
3215 3563 3564 3565
3566
944 3240 1730 3567
1222 3568 3569 3570
332 1054 585 1021
1752 3095
1085 1085 3083 3571 3572 1085 1059 3573 1085 901 3241 3241 3574
3215 3216 1849
230 3575 521 3576
248 1270 248 1893 248 1893 261 248 261 248 3577 1054
1021
3173 3578
1849 1910 3579 1741 3580 3581 220 602 602
3582 3424 1739 3409 3583 1739 3156 1739 3583 3409 3409 3156 3583
1887
1379 1733 1733 1733 1733 261 3584 1733 3585
1850 1321 1321 1321 1321 1321 1321 1321 1321 1321 3586
3587 3195 3195 3195 1938 3195 3588 3195 3497
3246 343 2536
1379 1021 1957 1844
1757 3096 3589 3590 3591
3592 1023 1989 1826 3593 3593 1023 1840 3594 3595 2616
1059 3218 1739 1739 3218 1658
3424 1739 1894 1894 3218 1739 3156 3218
261 933 2620 261 261 1341 930 167 734 585 167
3596 220 1101 3596 220 1101 3597 220 3260 220 220 1101 3260 220 3598 3260 1101
3599 3434 3386 1117 3600 3599 3435 3386 3601
220 3194 392 3409 3602 1894
3603 3604
3605 3546 1881 3606 3607 1194 3608 3609 3546 1488
3148 3171
3255 3304 3610 3454 3410 3611 3304 1225 3612 3613 3304 3614
3299
1194 1881 1881 3615 1194 1194 166 3616 3617 1194 3618 3619 1200 3620 3621 3398
2175 2175
3272 585 3622 1225 3165 1658
3215 3171
3234 3193 3219 230 3623 3234 3624
2043
3171 3625 1740 3626 3272
20 3627 1777 3628 1908 1730
20 261 261 20 20 248 3629 261 1893 248 1745 1956 261 1824
3116 2034 3630
1643 3631 3631 3632 3631
754 3633 3439 1846 714 3634 3635
1021 230 3304 3171 3304 230 1241
1824 1143 2269
3224
3234 3497 3636
1616 1616 1616 1616 1616 3001 3192 3637
3638
261 261 1299 261 3639 261 3640 1299
3154 1894
2118
1910 3257 1741 414 3641 1910 414 3582 350
3215 261 3309 3216 1187
3165 3272 1072
1059 3409 3171 3156 1059 3409 1738
1905 3642 3643 3644 3643 3645 3644 3644 3644 3643
471 3646 2344 3647 2344 3648
1256
3649
261
3650 261 261 261 261 248 3650 3651 332
3652 3653 3367 3653 3653
3389 3215
3654 3149 3156 3218 3156 3654 3654 3655
3445 3215 3216 261
3237 248 3656
3095 3304 3657 3171 1241 3255
3430 3430 1874
954 1693 954 20
3163 3216 392 3658 3659 3409 3156 3320 3381
248 1893 1656
12
3660 1182 3661 3661
1379
3445 3215 3662 3380 3216 3216 3216
1230 2157 1191 3663
1573 3664 236 3664 236 1573 236 3664 236 236 3664
3665
3116 1798 1798 1798
1019
3255 3171 3171 3304 3666 1282 3165 3171 3304 3277 248 1241
1658 1658 1658 1658 1658 1658
3246 3667 3668 3669 3670
3577 1054 3289
3234 3474 3671
3672 3672 3673 2242 2068
3670 2336 3674 1798 1143 1269 3675 1798
1920 3095
923 923
3237 3676 135 135
3171 3676 3095 135 135 230 3165 248 2025 135 152 3677 135 135 230 135
3678 2242 3387 3679 3680 3681 3417 1256 3682 3682 1812 3144 2242 3682 3683 3436 3386
248 1270 261 248 20 261
248 3684 3650
1741 77 3175
1059 3525 3556 3156
1770 1770 2667 1770
3685 986 3247 3686 3687
448 3688 3689 3690 220 448 3691 3692 3693 3692 3693 3692 2200
3694 3695 1233 3696 3695 3694 3219 3220 230
1739 1739 3697 1739 3698 1739 3699 3345 1739 1023 3222 3700 1140 3222 3701 3222 3702 3222 3201 3703
1403 3704 197 1318 3705 3706 1403 3707 1403 3708 197 3201 3709 598 585 1090 3710 1023 566 220 1123
3711
714 2242 1850 1321 1321 3712 3713 1321 1321 3651
3304 3272 3714 261
1044 3715 3389 3715 1044 3715 1044 1891 988 3715
3716 2242 3386 3401 3717 3718 3717 3719 2242 3432 3431 2242 3717 3401 3401 3435 3717 1054 3720 3432 3431 2242 3717 3717 2242 2242 3717
1365
3477 1903 3156 1021 1741 2118 3721 1500 2287 3722 1021 3722
3445 3215 1910 1910 1910 3215 1910 1910 1910 3216 1910 3723 3216 1739 3697 3216 261 3216
3592 3724 1826 1023 1989 3725 3726 1639 1989 1989 1023 3593 1989 2774 3595 3727 2616
3215 3215 261 1849
220 220
220 3728
1741 261 3729
3234
3215 3730 1910 1910 3216 1910 1910 1910 1910 1910 3216 3731
2242 3435 3601 3599 3436 3386 3601 3599 3601 2242 2242 3235 3599 3435
3732 3733 3255 3676 135 3734 3735 3736 135 135
2181 3737
1727
3119 3119
3163 3738
3739 1059 3556 1335 3156
1960 261 1824
3740 3741 1090 3742 3743
3744 3583 392 471
1019
3401 3745 3401 3235 3435 3682 2242 3401 3435 2242 3401 3682 3401 3682 3401 3235 2242 3682 2242
3215 1849 3746 1225
220 261 3747 261 652 652 220 261 652 3748 220 3749 3750 261 3751 3752
258 3753 714 3171 135 3754 3755 585 3563 3756 3171
1920 1920 1920 1850 1903 1920 1920 1920 1920 1920
1256
3599 3435 2242 2242 3601 3601 2242 3434 3601
220 1256
3757 3758 3758
3255 3171 3759 135
3760
3761 3762 3762 1225 3762 3762 3762 248
3299 166 261
3763 1730 261 3764 248 3765 3766
1379 1757 1757 1757 1757
1989 3767 3768 3423 3423
3769 1379
3599 3436 3386 3435 3434 3435 3599 3435 3235 3435 3770 1054 3435 3434
3171 3165 3237 3171
437
3771
1770
1957 261 3772 2217 1379 3773 1795 1741 261
3676 3165 20 3774 261 3774 3775 3774 261 3774 3774 3774 135 20
3167 3167
3776 3777
1282 1021 3778 3193 3779 1021
1370 1471 3780 3781 1551 3782 3781 3783 3784 3773 524 3773
3272 3165 3165 3171 3255 3255
3785 1019
3786 1797 3215 1757 3168
3432 1370 1506 1506 3432 1506 1506 3432 3787 1506 3432 1506 2242 3788 2242
3171 3676 3445 3215 3171 3216 135 135
3104 3104 3104 3104
3789 1920
261 3156 3790
3468 3241
1656 1656 1656 1656 230
3434 3672 3386 3672 3434 3386 3672 2242 3672 3386 3672 3434 3672 2242
2217 1379 1909 3791 1379 1745
1021
3792 1318
248 220 3793 254
1256
3424 1739 1894 1739 3218 1739 1739 1738 3218 3218 3272 1739 3218 3218 1739
3218 3218 3218
3116 3200
230 3794
1812
1730 3795 3796 3200
1256
3215 3216
3797 3798 3798 3799 1270 248 1893 261 3800 3801 3797 1893 1270
414 3802 3803 3803 3804 1844
3348 3195 3805 3806 3807
220
3808 3809 3810 3811 3777 3812 261
2108 1014 1187
261 3813 3814 3815 261 3814 3816 1693 2175 3814 3816 390 3814 385 390 930
261 3813 3814 3815 261 3814 3816 1693 2175 3814 3816 390 3814 385 390 930
2217 1379 1379 3817 1775 1733
3169 3170 261 261 3818 3819 1504 3820 3821 1770 368 372 3170
3822 230 602 1741 602 1910 1741 248 149
248
261 2379 2379 3156 2995 1256 261 3823 1187 1123 3824 3825 2379 3399 3400
585 3599 3435 3435 3401 3435 3826 3436 3386 3682 2242 3401 3401 3682 3682 3386
3827 2234 3827 3828 3829 3577 1037 3830 3389 3829 1887 3831 3832
1905 3644 2536 1905 2057 3833 2536 962 2536 1905 2536 3644 3834 3835 3836 3837
2242 2242 3435 3599 3601 3599 3601 3599 2013 3601 3599 3235 3432
3838 3839 3840 3838 261 3156 1739 3841
1059 3842
3215 1887 3843 3159 3216 261 1504 261 3216
3434 3435 3682 3431 3235 3432 3682 2242 3434 3682 3431 3235 3432 3844 3845 2242 3720 3846 2242 3720 3682 3434
1905 3644 2536 3847 3848 1022 2536 2536 3367 1037
3409 3409 3156 392 3849 392
1256
261 740 1150
167
3599 3435 3850 3599 3434 3435 3601 3851 3386 3599 3672 2242 3852 3435 3682 3386 3401 3853 3157 3386 2242 2242 3434 3682 3601 3434 3435
3854 3417 3855 3417 954 3417 3417 3417 3195
3856 3857 1085 1085 220 1693 3241 261 3241 261
1085 1085 1085 1085 261 128 3241
3858 3859 261 1229 261 549 3508 3860
3218 3156 3861 3255 3218 3171 3255 3171 3171
1733 1021 1733 1044 1733 1733
3862 3863 3577 1037 3830 3736 3864 3389 3865 3866 261 3867 3577
3868 3869 636 1256
3683 3435 3870 3870 3434 3682 3434 3682 3386 3436 3386 3672 3434 3434
3871 258
3872 248 2834 3873 248 3874 2834 3875 3874 3872 3876
3434 3435 413 3877 704 3435 3434 3682 3877
1059 1059 1335 3171 1739
3771 3878
1256
3879 1966 704
1905 3644 3440 3644 3644 3644 3644 3644 3834 3835 3836 3837 2536 3644 2536 2536 3880
3435 3599 3386 3436 3599 3881 3683
3234 3474
3348 3173 3195 220 585 220 3882 3195 3195 3883
3736
437 248
3299 3171
248 3884 3885
3886 3887 1880 1569 1378 3888 714 1880 1818
1905 3644 3889 3890
3891 3892 3893
1920 230 148 148 1920 230 1920 3894 714 1059 1894 1740 3168 3895 3149 3896 3224 3409
1957 3897 1379 2217 3099
1256 3898 636
3899 3104 3104 3103
3237 3676 3255 3171 135 3171 3900
714 3079 3082 3085 3901 3083
1488 3299 230
1727 1727
658 3902 3903 1798 3903 1798 3903 1798
1259 1072 3904 1259 3569 3570
3905
2179 1734 1379 1734 1734 1379 1761 1757
1957 2217 1379 1379 2217
3893 3906 3907 1727
3908 3909 3910
3234 1019
3911 2757
3912 261
1259 3499 3499 1938 3913 1259 3499 1072
3914 3915 3916 3917 3917 3917 3917 3917 3915 3915 3917 3917
3856 3857 1085 3083 1182 3571 3918 1059 1085 2358
3237 3171 1072 3171 3165
220 3808 3919 1004 3920 248 1256
220 220
3415 3921 3416 3922 3416 3923 3416 3416 3923 3923 3416 3924 3924 3415
3389 3389
3423 3925
3926 3927 3914
3928 3929 1757 1757 3929 1909 1909
3599 3435 3682 3386 3682 3719
1905 3644 2536 251 1852 2536 1905 2536 3644 3834 3835 3836 3837
1856
1370 1616 1616 3930 1616 3931 3932 1730 3929
2344 3933 2344 3934 1200 1200 12 3935 704 3936 704 3937 3938 3934
220
3808 3939 3577 261
471 1285 220 3940 220 3941 2624 1285 1285
1488 261
3942
1739 3943 754 1739 3943 3132 3943 3132 3943
261
261 261
1738 1739
1379 1909 1379 2217 1379
1379 1729 1733 1734 1757 1730 1730 1757 1730 3944 1757
3945
1256
1946 1946 3317 3946 986 3947
3224 1857 585
3177 3163 3177 1187
3761 3262 2421 3948 3132 3949 3761 3950 3951
3952 1285 3953
3389 220 165 154 3191 1140 1639 3726 1150 1023 585
970 3215 970 3215 3156 230 970
261 3954 3954 3954 3954
1256
248 20 3955
3956 3957 3958 3959 1004 3960 230 437 3961
326 3962 3963 1818 1370 1897 3964 3965 1225 3966 3967
1957 2217 1379 1757 1757 3968 1379 1021
1054 3969
3119 3970 220 3247
3156 3156 3971
988 248 988 988 988 988 988
1857 3972 3973 1699 3192 1448 248
326 3962 3963 1818 1230 1225 3966 3967
350 3974 3975 3976 2352 3977
3389 3978
1849 3979
3980 3224
1235 3165 3525 3981 3953 3218
3982 923 3982 3983 3982 3982 3984 3985 3986 3987 3982 3982
230
1770
3761 3988
3989 3990 1500 3991 1952 1952
1014
3234 3439 3343 3992
471 3646 2344 2344 3648
230 3156 1741
3355 3111 1874 3993 3113 261
3237 3171 3171 3994
230
3234 1225
3439 258 1727 3995 1727 1727
3996
261 20 2166 248 20 2166 248 220 3997 261 20 20
230 448 3215
1230 962 1770 1770 1770
1202 636 998
3998 3999 4000 3171 3171 230 970 3215 4001 3255 135
4002 4003
4004 4005 4006 2802
3998 3999 4007 3343 261
3500 1023 4008 4009 3500
3237
3496 3172 4010 3833
4011 4012
332 3833 332 4013 4014 332 4015
253 3167
2057 3215 3391 4016 3266
993 4017 1639 4018 1639 2242 4019
3272 3165 3676 3424 1739 1739
3445 3215 3216 4020
1658 986 4021
222 3498 1140 4022 1140 4023 4024 4025 4026 4022 4027 3498 3498 4022 261 4028 1140 4029
3222 3194 1021 3222 3525 1320 4030 3895
3171 3168
3215
3156 4031 3156 3345 3395
261 4032 3235 3235 3235
1054 3969 4033
4034 1085 3241 1739 901 3241 901 2358
493 1733 1733 230 1733 4035
1868 1379 1379 1379 4036 4037
3761 248 248 3194
248 1005 1005
3266
261 261 20 4038 3280 4039 261 3280 4039 3280 261 4039 261
3167 3255 3132 3132 3132
4040 261
1887 3171 135 3165 4041 4042 220 970 261 4042
1849 3215 3216 3169
1868 1379 4043 4044 4045 4046 4047 4048 261 149 3104 4043 4049 4048 261 4050 4051 4052 149 4049
4053 4054
3218 1658 1693
3309 3119 3156 3156
1777 4055 4056 636 4055 663 3156
20 4057 3132 3132 3263 20 261
4058 1868 1868 4036 1379 4036 261 1379 1379 1379 4036 1379
3424 4059 2043 1656 77
4060 261 261 3156 4061 3289 4055 4055 4055 3289 261
1019 17
3234 4062 1150
3262 3132 3132 3132 3132 4063
3167 3263
1957 2217 1379 3968 1014 3968 1379 3773 4064
3417 4065 3598
4066 4067 4068 261 20 20
3234 4069
4070
2217 1741 1379 4071 230 962 988 1379 3519 230
3596 448 3726 3598 3726 585 448 1826 3596
3085 585 3140 4072 253 585
3215 3272 3165 4073
2352 1727
962 962 4074 962 1044 1143 1044 1143 4075 2643 1998 962 962 4076 962 962 962
1143 1143 261 261 3235 1121 1957 261 261
4077
3234
4078
253 3222 1739
2057 230 261
4079 253 4080 3085 3086 3901 253
3234 3636 3234 4081
2175 1891 438 1901
3234 3219
1282 230 3177 1021
3856 3857 1085 1085 4082 220 585 1085 3241 3241
1021 4083 1233 4084
4085 4086 1187 1187 4087 1187 4088
248 248 248 248
1019
3177 3177
3757 12 3758 3758 3758 3758 4089 3497 2620 4090 4091 3758 3758 3758 4092
3910 598
1737 4093 12 4094 392 978 404 1285 1125
1085 3241 4095 1085 3498 3498 1085 3241 248 1989 1085
1090 585 4096 714 1208
3299 4097 3215
1019
4098 4099 4099 4099 3377 4099 261 1946
3219 1023 3258
4100
3736 3389
546 4101 4102 3922 4101 4103 4028 4104
4105 3160 1259
4106 3389 3299 3389 3389 4107
4108 4109 4109
4110 4110 4110
3234 1874 3258 4111
3085 3140 4072 3085 3086 3085 253 3089 3086 253 253 253 3085 3083
230 3299
4112 4113
1741 3736
1729 1729 4114 1909 1909 1909 1729 1909 1729 1729 1909 1909 1729 1729 1745 3083 1729 1909 1729 220 4115 3719 1909 1729 3719 1909 3083 1909 3719
3177 3215 1187 4085 332 1187 1187
1259 4116
261 3439 2102 970 4117 1321 4118 4119
1844 4120
230 4121 12 392
4122 1729 3166 1909
1741 2118
1504 3215 2667 3169 3169 4123 1019 3389
3389
1059 4124 714
4125 4126
3234 1256
3389 3389
3223 4127
1741 2118
2043
3218 4128 3218
1488 261 4129 3579 602 1741 230 1741 261
1733 1736 3098 1909 220 1909 1909 1909 1729 1909
4130 493 4131 4130 636 2924 4132 128 4133 4134 4135 2924 4130 4130 636 4130 636 2166 261 2166
1019 4136 1989
3234 4137 4138 4139 3258
3908 1658 4140 4141 1740 3255 3171 3676
251 350 3490 4142 3215 350 4142 350 261 4143 4144 4144 261 251 43 20 248 350 261
3215 261 261 20 3216 261 261 3216 261 1849 261 20 3216
3169 3215
1301 3237 3908 1072 4145 3171
2221 2221
4040 1861 4040 4040 261
3577 1054 4146 4147 4148 261
350 3445
4096 3972 4096 1183 1208 1183 4149 1183 1183
1693 1693
1085 549 3241 3241 3241 4150 4151 4152 3241
3546 3685 220 3685 4153 3685 261 220 3605 4154 1229 220
2018 1379 1738
20 1960 1730 20 20 4155 930
333 248 248 1351
3431 636 493 3431 636 3431 2278 1216 1217 585 2242 2336 20
261
1699
261 4156 4157 248 261 248 261 261 248 4157 248 261 4158 4159 261 248 248 248 248 4159 4158 248 261 248 261 248 248
1085 3241 261 1869 585 3729 4160 4161 3241 3678 261 3241 261 636 3241 261 585 3241 4162 261 1023 1023 4163 3241 4164 4165 1023
253 253
230 3454 3215
248 332 248 261 3511 230 248 4166
3868 3869 636
3215
20 3116 4167 4168 4167 1928 4167 4167 563 563 1403 4167 563 2621 4167 4167 3310
3171 1741 3171 4169 261 3171 261 43 251 636 102 1407 4170 1887 3168 261 3255
3208 4171 3417 3417
1085 3241 261 1085 3241 3241 3241
2189 4172 4172 220 4172 4173 1264 4174 970 3200 220 4175 1004 4176 220 4172 4177 4172 4178 4179
3676 4180 135 135 4181 135
220 220 350 350 3577 220 350 350 448 1194 585
2201 3568
1861 3736 3215 4182 4183 4184 3750 4185
1085 3241 3468 3680 1504 1085 1085 3241 3261 3241 3468 1059 3468 3409 3381 3287 3222 3201 3793 4186 392 3658 1740
3234 1072
3700 222 3700 1910 4187 4188 3700 3700 4189 4190 4191
4192 636 261 261
3272 3156
261 332 1143 1143 4193 261 4194 261 261 3833
3431 2336 3431 128 636 4195 585 3387 3431 2336 3431 3947 4196 2166 3431 544
220 585 610 1107 4197 2352 4198 4199
3546 3510
4200 4201 2703 4202 261 230 248 4203 4204 4205 4206 714 1741 2118 135
3500 4207 4208 4209 4207 4210 4207 4208 4211 3651 4212 4213 4214 4215 3498 4216 399 4217 4218 4219
251 4220 4220 4220 4220 251 4220 4221 4222 251 251 248
1379 1729 1757 1733 1379 1736 1729 1734 1729 1729 1729
4223 4224 4225 4226 4225
253 3167 253 253 2336 4227 253 253 3167
3654 3164 4228 2030 3165
3928 4229 2166 1909 1942
261 4230 1831 4231 4231 895 20 261 974 248 248 895 3146 3146 3146 20 20 20 20 20 974 261 1831 4232 261 4231
261 3808 4233 4234 248 2344 536 220 3868 3869
4073 3216 4235 3216
3132 3132 3132
4160 1085 3241 4160 4160 3156 3498 4160 3241 4160 4236 4160 3241
3430 4237 4237 4237 3430 4237 3430 3430 4237 4237 4237 3430 1354 4238 1426 350
3215 4239 3216
220 4240 220
4241 220 3346
253 253 253 253 1085 3241 4242 3241 253 253 3171 253
1259 3484 3100 4243 3499
1270 1893 1893 493 1270
1019 4244
1059 2018 3468 1059 3468 3409 3381 3287 3222 3201 3793 4186 392 3658 1740
261 636 636 4192 261 2175 261 636 261 261
261 261
37 1386 644 107 4245 3675 193 4246 1256 2774 3727 1299 736 2088 4247 4248 4249 739
3525 3156 3525 3255 3525 3218 3525
2015 3430 4237 4222 2034 2034 2034 4222 2034 2034 4222 2034 2034 4222 4222 4250 4222 4251 220 3430 4237 3432 1084 4252 1517 4253
3431 4254 1614 636 636 1259 4255 4256
2175 2175 248 2175 2175
3163 3216 1847 3216 3233
3757 1831 149
261 4257 261
2034
3499 4258 3499
3445 3215 220 4259 4090 3216 4260 220 4261 220 3216 4262
3215
220 3346
3307
2175 2175 4263 4264 4265 4266 4267 4268 4267 4269
3215 1849
1379 4270 4271 1738 4272 3169 1379 251 4273 4274 4273 3273 2140 4270 3970 4275
220 220 3941 220 222 1285 471 350 220 220 1861
3468 4090 4091
1729 1379 1729 4276
448 2361 978 4277 2209
3389
261 3200 107
220 448 585 610 4199 1910 4278 2156
3132 3132 3132
230 475 4279 475 4279 475 4280 1942
1729 261 4281 1379
894 3156
4282
2189 1225 220 4184 220 4283 1225
3163 3216 3216
4228
220 3082 4284 4285 4286 3156 954 954 4284
4116 4116 4287 4288 4289 4116
4290 4291 471 220 4292 261
3454 4293
230 3215 3216 3172
3255 3132 3171 3255 1738 1740 3966 3966
1903 499 4294 1734 4295 1734 1734 4296 4282 1734 1741 1044 1734 261 4297
1379 4298 1757 1021 1757 1757 1757 1757 261 1797 4299 261 1757
4300 3797 4301 4302 635 2639 2639 1074 4302 4302
4055 3171 4055
4303
1762 220 585 1989 448 4304
20 20 4305 4306
1044 1905 350 1044 1044 1044 1044 350 4307 1044 1044
3255 3132 3132 4308 3171 3132 4309 1894 3430 4237 3347 3432
261 1725 1182 4310 4311 1831 4312 4313
4314 3247
261 1202 1770 261
3546 4315 261 497 4316 4317 471 4318
1140 8 8 1140 3201 598 1140 4319 8 1140 4319 1140 598 3201
1379
253 261 4320 253 4321 3083 4322 253 4323 3606
4324 4325 261 222 4326 2326 2175
1950 2976
4327 230 1887 261 261 261 3699 261
4328 4329 585 2179 3256
4234 385 3914 390 4330
1909 1379 988 261 1379 988 988 988 1014 1379
1733 1733 1733
1379 1729 1733
1378 1407 1378 1407 1378 1378
4331 4332 261 4332 261
3525 714 4333 3484 1259 1259 4243
3917 3917 3917 3917 3917
4334 4335 3436 3386 4336
3520 3327 4337 4337 4338 1730 4339 4340 1977 261 1844
230 261 4194 1795 261
350 1090 4341 1693 1014 4342 4343
