8.159748770696349E-7 0.34665488683797147 5.555636332118185E-7 2.125842967582798E-6 2.30974633459838E-6 0.569614860090543 2.2685652711857382E-7 1.6158015962035493E-7 1.3254764201072895E-6 0.08372273203056621 
1.8309841653181992E-7 0.08482490924144148 3.9486137521495525E-7 1.7959358731624703E-7 1.8358981317571002E-7 1.6490416645475786E-6 5.537762784894405E-7 5.928566915277728E-7 0.9151703254134782 1.0285272531282919E-6 
0.0017384482978798084 0.1884353947095077 0.799810679275599 6.886675412841395E-6 1.4569585956306546E-6 5.872845141709384E-6 0.00999964979708887 3.522504217908889E-7 7.474470865576035E-7 5.117432658248267E-7 
1.4249976719470952E-7 0.2432742989691992 4.2761815979952997E-7 3.702042629543701E-7 0.7413332849778306 9.361943875440071E-6 3.128616220803952E-7 8.280690493180564E-7 2.5656866878945584E-7 0.01538071628756468 
8.760852784633887E-7 0.24579461656811108 0.018126907393960077 1.0680920058244384E-4 3.0090286109288416E-6 1.5814439355250442E-4 0.735704223444964 2.1106958512677987E-7 1.0262892757451842E-4 2.5738877811518693E-6 
3.6667599989742473E-7 0.17074097698776483 0.0973583891101815 1.2586784518475323E-6 6.350135364225887E-6 1.1728569372400015E-6 4.056079893468287E-6 0.731885073894847 6.116648579564275E-7 1.7439157019252406E-6 
5.428965676387574E-7 0.20725155434395337 5.46215936195055E-7 1.287090851105047E-7 7.731181406197342E-8 8.035201567775178E-7 2.884618194281354E-7 1.7960655150051258E-7 4.920776629250559E-7 0.7927453868564532 
8.978242628378227E-7 0.09076449950164778 0.8927789361671723 5.186586039924871E-6 3.2614577277487237E-7 0.00333032009387766 2.526347680103344E-7 0.013117117437527446 2.282707419249616E-6 1.8090151220697397E-7 
2.118223527250897E-7 5.469515724464763E-6 4.956929588705341E-7 0.9999891040211452 4.010399562309966E-7 1.1589635643600479E-6 6.810502972971449E-7 1.1103669392403935E-6 1.0151239578273358E-6 3.5240310351324536E-7 
0.9999959962132906 2.061594057124904E-6 1.7003714514933982E-7 4.03446617745809E-7 2.1196888691954846E-7 3.069380164055366E-7 1.652390033837264E-7 2.5954129886354633E-7 3.0721588029704265E-7 1.1780580356822226E-7 
