0 0 0 0 0 40391 0 0 0 0 0 0 0 0 0 0 0 0 3133 0 0 0 0 0 0 
0 0 0 0 0 0 0 0 0 0 0 0 0 0 53895 0 0 0 0 0 0 0 0 0 0 
0 44794 0 0 0 0 0 0 0 0 0 0 0 0 0 0 5851 0 0 0 0 0 0 0 0 
0 0 0 0 0 0 0 0 0 23677 0 0 0 0 0 0 0 0 0 0 0 0 0 38205 0 
0 0 0 0 0 0 1427 0 0 0 0 0 0 0 0 0 20277 0 18893 0 0 0 0 0 0 
0 0 0 0 0 0 0 0 0 0 0 0 27516 0 0 0 0 0 12489 0 0 0 0 0 0 
0 0 0 0 0 0 0 0 0 0 0 0 0 0 0 0 0 0 0 60015 0 0 0 0 0 
0 0 0 0 0 0 0 0 0 0 0 0 0 0 0 0 0 36627 763 0 0 0 0 0 0 
0 0 0 0 0 0 0 0 0 0 48815 0 0 0 0 0 0 0 0 0 0 0 0 0 0 
0 0 0 0 0 0 0 0 0 0 0 25556 0 0 0 0 0 0 0 0 0 0 31632 0 0 
0 0 37310 0 0 0 0 0 0 0 0 0 0 0 0 0 0 0 4241 0 1317 0 0 0 0 
0 26325 0 0 0 0 0 0 0 0 0 0 0 0 0 0 15233 0 1353 0 0 0 0 0 0 
0 0 8044 0 0 0 19020 0 0 0 0 0 0 0 0 0 9334 0 0 0 0 0 0 0 0 
0 0 0 0 0 0 0 0 0 0 0 0 0 38501 0 0 0 0 0 0 0 0 0 0 0 
33095 0 0 0 0 0 0 0 0 0 0 0 0 0 0 0 0 0 5871 0 0 0 0 0 0 
0 0 0 0 30873 0 0 0 0 0 0 0 0 0 0 0 0 0 0 0 0 0 0 0 13033 
0 0 18852 0 0 0 0 0 0 0 0 0 0 0 0 0 7987 0 16448 0 0 0 0 0 0 
0 0 0 26391 0 0 0 0 32009 0 0 0 0 0 0 0 0 0 0 0 0 0 0 0 0 
0 0 0 0 0 0 0 0 0 0 0 0 0 0 0 0 0 0 2149 0 0 0 0 0 36975 
0 0 0 0 0 0 0 0 0 0 0 0 0 0 0 0 0 0 0 0 0 43536 0 0 0 
0 0 0 0 0 0 0 0 0 0 0 0 0 0 0 40946 0 0 1815 0 0 0 0 0 0 
0 0 0 0 0 0 0 46701 0 0 863 0 0 0 0 0 0 0 0 0 0 0 0 0 0 
0 0 0 0 0 0 27917 0 0 0 0 0 0 0 0 0 0 0 11901 0 0 0 0 0 0 
0 0 0 0 0 0 0 0 0 0 0 0 0 0 0 0 0 0 0 0 40946 0 0 0 1569 
0 0 0 0 0 0 0 0 0 0 0 0 28035 0 0 0 6495 0 2916 0 0 0 0 0 0 
