5.579874354463371E-6 2.1262456753533807E-6 1.2643997867562547E-6 3.86239671797204E-5 6.361834975160142E-6 2.109532403910717E-6 6.000099707791096E-5 1.0491572522139384E-5 9.02112110636624E-6 8.93048601525931E-6 1.0604053494665778E-5 8.809415430863553E-6 1.0550803765116342E-5 6.3493612688095274E-6 0.9942006941446214 3.795827270216803E-6 2.116074466617668E-6 5.574745902847633E-6 1.0647883593702063E-5 2.992208288922418E-6 2.39373429762444E-5 1.2643997867562547E-6 2.1740592576804942E-5 0.005540044124812975 6.368990647080079E-6 
4.436492212446401E-5 7.868637267724864E-6 0.0013947987482539545 3.099412360239942E-5 2.314001661386524E-6 1.0907745230947359E-4 3.2525340054136517E-6 6.980582834606445E-6 4.2132555928662706E-5 0.9981674607440196 2.3209440320693145E-6 8.805868527383457E-6 2.9591968003426356E-5 1.444956319967642E-5 2.2999272427701886E-6 4.943633677281008E-5 1.6330882649508673E-5 1.5349456272948695E-5 3.2881771887967204E-6 6.009964658223834E-6 2.332483468706866E-6 4.231491293463927E-6 2.6099330009388816E-5 3.2433988427579416E-6 6.9659058300632326E-6 
3.393863269000111E-6 4.418408101466114E-6 6.0093713515931806E-5 2.751639987721614E-5 1.4553482734286414E-6 1.7068071682820764E-5 2.773153635407546E-5 2.564958352644326E-5 1.4553482734286414E-6 1.3170781260840268E-5 2.3891904287248884E-5 6.0531169418948895E-5 4.423358173474155E-5 5.4904792509147915E-5 3.3986424631506236E-6 1.023893767279223E-5 6.33988513196985E-6 7.939885163926792E-5 1.0252964763185721E-4 5.7344926474754206E-5 1.4186991274597682E-4 1.723013409492231E-5 0.9991261091797574 1.6385347431606684E-5 7.364003287207491E-5 
5.239435334320453E-6 1.4170754382465154E-6 4.5717321367734246E-5 6.1396712519556334E-6 4.2389310512093665E-6 4.9166550155674594E-5 8.897705110354773E-6 3.282272408384284E-5 1.9523382123372227E-5 3.950805841442867E-5 1.7369026981147272E-5 8.098121209766744E-6 5.289647486847512E-6 1.0832164534675554E-5 4.258314703906423E-6 1.0902099843732635E-5 0.5896847416165726 2.5448828930536073E-5 2.408970416407049E-6 1.369859773832991E-5 0.40993028657178715 4.798485314689014E-5 2.1303501895819575E-5 2.3557012759414774E-6 2.3511291449342978E-6 
8.864364837865946E-6 4.997646335236182E-6 7.855673478790027E-6 3.002595119704675E-5 6.971820062743337E-6 5.443720479611765E-5 6.348433835878231E-5 6.939477960882104E-6 1.558554033953331E-5 2.3201103724154324E-6 2.0051381174749382E-5 4.2043311650269805E-6 1.1232678606868296E-4 0.0014703172547038807 0.298946633078601 4.1863273227625506E-6 5.960694828432927E-6 4.096052303855715E-5 2.108537085116834E-5 3.9161312200512336E-5 1.4363299413325487E-5 6.9748739252346934E-6 1.3478271500343638E-5 0.6990800374601267 1.8776907340426416E-5 
8.705143527909002E-6 1.5025898547737427E-5 6.88303796646349E-6 1.2284663606487506E-5 5.994178223434641E-6 1.0598382472600506E-5 0.015805114832548126 2.4869068155738283E-4 2.3461309178408855E-5 1.2412620364207532E-5 9.58334602689864E-6 1.9650040989115588E-5 0.9835841511447708 2.985827581121536E-5 4.949898778858381E-5 5.914530813445541E-6 9.638776818671454E-6 4.455176058380473E-5 2.353490277622129E-5 2.4327543183620546E-5 8.787393717357186E-6 2.069077580047204E-5 7.811146513393027E-6 4.1297295956627714E-6 8.700896817678454E-6 
1.4175595367228242E-5 6.027109126871344E-6 5.092842629936474E-6 1.598356528449075E-5 4.16754119541231E-6 8.832832921739382E-6 1.9903714090035166E-5 5.95530338920042E-6 1.701865687815549E-5 2.562134821003366E-5 5.635597737391736E-5 0.8744490024509417 1.807312059756987E-5 5.021695958749378E-6 1.4419846166414052E-5 4.145208670975341E-6 2.9376874248435386E-5 0.0017780360394067105 2.8150060501208752E-5 2.432160418195095E-5 1.3233976365466722E-5 4.127139809083456E-6 4.149431055080372E-6 3.2401853565491507E-6 0.12344556788027301 
1.1912546417418547E-5 9.13968382331643E-6 2.4334232011650666E-5 4.366244393936513E-5 1.1043148555510897E-5 5.206026258090218E-6 9.276392940799142E-5 3.324377625876233E-6 1.5716273382205135E-5 3.3139801339971867E-6 2.2620950669915924E-5 3.118612406021831E-5 1.1745009667545292E-5 5.0150328295923994E-5 3.669044737102494E-5 6.1804820086162905E-6 7.1400840027171115E-6 8.454846207526732E-5 1.739431009820371E-4 0.9987704314874533 1.7646762789262157E-5 1.4241591313415897E-6 5.497602190761013E-4 6.1747355882716725E-6 9.941005273226122E-6 
2.1940352884197327E-5 1.6357322024118986E-5 5.48250022969858E-5 1.638831351216671E-5 1.4503886940663102E-5 5.24429683768643E-5 0.09913799906082678 4.479516537458762E-5 1.0181242032962434E-5 3.9806537334250645E-4 0.8904103190671199 1.2615844485759967E-4 4.272950999692635E-5 3.5400299964411715E-5 3.987532695315547E-6 9.139756051243315E-6 1.5635014882050455E-5 3.914341140607801E-5 6.639051452572801E-6 2.192015044754905E-6 3.971548286085784E-6 4.94308745330772E-6 0.009242687392488453 1.2196640788089988E-5 2.773585399013794E-4 
8.247379085987425E-6 0.9997007438093584 2.172225408675073E-6 6.517262329356345E-6 4.811288866224204E-6 3.94576028473062E-6 1.4284262518651024E-5 2.4031400095691143E-5 1.0187149708187078E-5 1.1764939257681517E-5 5.621920450748403E-6 3.960157747384761E-6 3.0415500749564575E-6 1.6149737703601267E-5 8.33674987510385E-6 8.259349678989765E-6 1.0112934672461048E-5 1.6086757046536636E-5 2.1766507191152684E-6 7.4092008746167905E-6 7.188719938764715E-5 8.310592868043172E-6 2.4197961367982582E-5 6.44886709488975E-6 2.1294893524232156E-5 
2.2161442409714335E-6 3.1347103642545666E-6 1.7367325928926146E-5 1.9159225760872383E-5 3.132048496539191E-6 1.742116186056207E-5 3.071008140145171E-5 2.442935880976638E-5 4.0325525772197385E-6 2.898709718055141E-5 7.291421843680932E-5 0.16014482371862074 6.725261601179603E-6 9.532569582293434E-6 1.3311134961089933E-6 9.379414531275497E-6 2.267150617004831E-5 2.7555544164074657E-4 2.9220820949333336E-5 5.741593391560771E-6 1.377548175699368E-5 4.0619811185487046E-5 1.1060712038825393E-5 6.666373550100197E-6 0.8391993922564274 
6.172825630881165E-6 2.347699674580996E-6 1.0535315397949125E-5 1.2802814487553994E-5 2.3645667921632936E-6 5.130331552625259E-6 1.0708066002471454E-5 0.9028115086681117 1.907766608531984E-5 5.6941512834971425E-5 3.0566474541386036E-5 8.988013877821822E-6 0.09555625065892616 1.762947116400792E-4 6.983411584534987E-6 7.924768161340003E-6 4.280261501139519E-6 9.892662124037926E-4 7.0493212001862924E-6 1.3697820818699457E-5 1.8788976670534998E-4 1.0909960491479771E-5 3.686340672083744E-5 1.745660379522344E-5 7.989141061930138E-6 
1.7802388197051205E-5 2.0308580438857222E-5 4.041631960247751E-6 2.1228678159262033E-4 1.4332546161752223E-5 5.924097608025891E-6 0.999161345486546 9.579685181290771E-6 6.911334027284687E-6 5.000247662528401E-6 9.5806075109295E-6 1.2333293794560947E-5 1.0517996975457236E-5 1.3585885930978726E-6 1.2811577793996493E-4 1.0359132106630014E-5 6.751927119420876E-6 6.866270072938044E-6 9.385065035825332E-6 4.064720917802563E-6 1.1399744888702168E-5 3.441645903920421E-5 2.5828639585750144E-4 3.3044219017752276E-5 5.9870217539967994E-6 
2.245780669293925E-5 8.078586403402168E-6 1.1034010844403602E-5 1.609703794667475E-4 1.7703709931939583E-5 2.863843118768315E-5 1.663637397070272E-5 7.632952782781318E-5 2.136540535628381E-5 2.3443883660304577E-4 2.342445644362885E-5 7.123703313412611E-6 2.374771327164234E-6 9.016581470668474E-6 9.80457244014609E-6 1.0893878516127149E-5 4.725166957073384E-5 0.9951760944597906 9.637399502226111E-4 1.3027572272058045E-5 0.003018768856644698 1.942645153094271E-5 4.1216754514474194E-5 4.160583263474948E-5 1.857742102319724E-5 
3.5470310695029624E-5 1.6766708566810052E-5 7.375091143194576E-5 1.4216391880245743E-6 4.25654423275043E-6 1.5967773403365312E-5 3.946916943042806E-5 3.2380496137576143E-5 3.317718404319648E-6 2.321227618016455E-5 2.700323641296668E-5 7.138578063911063E-6 2.394271976108858E-6 5.250733204003227E-6 1.375169819070535E-5 9.092101058734852E-6 7.163621542775861E-6 1.0656834684893246E-4 0.9991179698859571 8.055810746730464E-5 1.6075598863020377E-4 2.428439613494186E-5 1.724474566682434E-5 4.3048566280325335E-6 1.7050588454717343E-4 
2.2902547538715436E-5 2.2937851313588713E-6 1.9937731268484245E-5 1.795577379089729E-5 1.1601438968819144E-5 1.3768319741394477E-6 1.3768319741394477E-6 3.3973816105755255E-5 1.3768319741394477E-6 1.4472446009262108E-5 4.109026999133136E-6 0.11224230449237431 3.241522658567108E-5 6.066681662115687E-6 1.5240443102550662E-5 9.724399710639537E-6 2.175475193023391E-5 5.911097310254241E-5 8.97082618181366E-5 4.347703363185563E-5 0.29052961383200404 0.5812666762428234 7.995345801047353E-6 1.7215519495332315E-5 0.015527319734223163 
1.1903512341766557E-5 2.2147215377401275E-6 1.3659030042039634E-5 5.274563044183732E-5 1.1959047269104077E-5 6.677677242530948E-6 0.049984682496927134 1.7473190673818484E-5 3.387519349763858E-5 6.6543690877774165E-6 1.6314658661751913E-5 8.527276714714773E-6 1.414682789755524E-4 0.9493101185841412 7.550154047140338E-6 1.2858688616006407E-5 5.690755524195548E-6 1.828219265324745E-5 1.3254692410786781E-6 1.4583108125418066E-5 3.1196947071754895E-6 3.0924118421997996E-6 9.318550707312696E-5 2.0897196512003295E-4 1.306638549579477E-5 
8.992076806157613E-6 7.4394750148460985E-6 3.1398871251851975E-5 9.909475106303593E-5 5.668596355322122E-6 7.364522434028933E-6 3.096685079044605E-5 1.3038770541704286E-6 0.9995287537282526 1.3038770541704286E-6 1.2764520581792868E-5 3.0676792244294253E-6 1.4438845541547423E-5 1.4418985835759948E-5 2.1972724278571594E-6 1.414460918370631E-4 7.384277685207871E-6 2.223325777668775E-5 5.7193835625305655E-6 1.3038770541704286E-6 1.617732483241287E-5 8.258825580067474E-6 3.051355497386842E-6 2.3073035263349736E-5 2.1786412232183667E-6 
6.741716541241208E-6 7.614161702183846E-6 0.9446119027998828 1.0229475972243134E-5 1.1251128444628727E-5 7.703512372726353E-6 3.2038749167591455E-5 3.660981738984936E-5 1.0405333328704837E-5 1.9059824438258057E-4 1.589988993637884E-5 7.741402505132232E-6 2.2290613393706616E-6 3.1886245783936817E-6 9.480413597842334E-6 7.727826175083166E-6 5.5952115871395726E-5 2.0128621924796172E-5 2.030588534091136E-5 1.570949250505806E-5 0.05488290113915156 1.6778971959037937E-5 4.912683392303635E-6 8.770732511283681E-6 3.178200026980053E-6 
1.2247788934973377E-5 6.341399749803605E-6 6.379797446437189E-6 0.8583663161549746 1.0416674730447826E-5 1.3960963855496613E-4 0.06536146509285423 2.1296309666532665E-5 1.5068986303787427E-5 3.833338272363259E-5 2.2522274958997034E-5 1.7256351156806702E-5 6.431515505271065E-6 1.2330056911192973E-5 7.482806881144772E-5 7.4978915848439605E-6 3.445990036239498E-6 1.9322462748248827E-5 4.807964732423806E-5 5.457222029157567E-6 0.07540470459894594 6.414571302815244E-6 3.2333890590616616E-4 5.745347136689262E-5 1.3441745472361821E-5 
1.281133459202348E-6 9.015537956796875E-6 1.0708620790818388E-5 4.7183393959624314E-5 0.999759047963257 1.0740437266684052E-5 3.3918255903118286E-5 2.0189823073168638E-5 3.855623592035406E-6 3.0127424810080293E-6 1.1675340248056083E-5 6.478142387474661E-6 3.877046830504846E-6 2.1119393064420878E-5 1.079810188947827E-5 1.281133459202348E-6 6.439062109004971E-6 6.371296471122208E-6 2.9642182026207677E-6 1.281133459202348E-6 1.16818947907751E-5 1.281133459202348E-6 5.5470857210665895E-6 3.866980239199312E-6 6.384505929342947E-6 
1.282439793793108E-5 1.02682604936741E-5 4.954730864799085E-6 5.739880943522564E-6 4.582228059130886E-5 2.214293703417657E-6 3.14610385161906E-6 2.8868869764384662E-5 0.05185704092494998 1.0290966042988476E-5 3.992696040396232E-6 8.427066566498093E-6 9.347981162435719E-6 1.3848288164306612E-5 1.3280943311563283E-6 0.9478895394943414 8.519454672682051E-6 2.4329094557213137E-5 1.8545443319577228E-5 1.112902718102446E-5 7.6056388285322606E-6 2.2238745568533027E-6 7.571009313440407E-6 6.688056928081193E-6 5.734070893197021E-6 
0.9991214317294882 1.40903302944846E-6 6.550664213026805E-5 6.139451828744678E-6 3.3175132899193635E-6 1.4606807431688603E-5 2.3512166388933665E-6 3.5363965241851996E-5 1.092869529695749E-5 4.273541019111873E-6 1.5801117057323876E-5 7.915064240391841E-6 4.253216271644452E-6 2.5225122572946232E-5 2.1224021176323416E-5 2.3367065065211562E-5 4.347179448717444E-4 3.3252583732128406E-6 2.349895805318985E-6 2.3362473970066882E-6 1.5727715348700614E-4 2.318407291293009E-6 1.40903302944846E-6 2.239641765355174E-5 1.0755440312738787E-5 
7.879715951196626E-5 6.81950178934103E-6 0.0435996593008742 0.8454514417011996 6.788189823012327E-6 7.76766162952332E-6 9.57952846633851E-6 2.4301795768626338E-5 2.1679422785414117E-5 0.0746428780493092 2.5212907672095486E-4 2.239423647036354E-5 1.7509274120507256E-5 2.9994813568888498E-5 1.0576203092659354E-5 3.177368094321217E-5 1.522196000944842E-5 5.921845014061048E-6 9.64466144265106E-6 2.8045887144389356E-5 0.035579042247055805 1.0611088045255474E-5 6.789270872399343E-5 4.625835158989407E-5 2.3271654900374722E-5 
2.3075667692037624E-6 1.0563086632621362E-5 0.2708492568531324 4.1090942810229554E-5 3.2718315553807E-6 0.49932373890881765 1.246043202302166E-5 9.693664132744054E-6 1.7035961888532697E-5 5.069247479791287E-6 2.2926321869619164E-6 2.7477374565606265E-5 1.714996851953299E-5 1.3522588097912982E-5 2.3056412902969842E-6 4.161992842337145E-6 6.020931760790763E-6 2.298775154900065E-6 4.1676613487091E-6 5.070422292749744E-6 0.22957922438344508 2.9936918184462628E-5 1.1522862515982114E-5 6.87275886494092E-6 1.3486593688155584E-5 
