0 0 0 0 0 0 0 0 0 0 0 5537 0 0 0 1045 0 0 0 0 2 0 0 4844 0 
0 0 0 0 0 0 0 0 0 5690 0 0 0 5345 0 0 0 0 0 0 0 0 0 0 418 
1808 0 9437 0 0 0 0 0 0 0 0 0 0 0 0 0 0 0 0 6 0 0 0 0 0 
0 0 0 0 0 0 0 3443 0 0 0 0 0 0 0 0 0 0 0 7947 0 0 0 0 0 
0 0 0 0 0 0 0 0 0 7578 0 0 0 0 0 0 0 0 0 0 3711 0 0 0 0 
0 5486 0 0 0 0 0 0 0 0 0 0 0 0 0 0 0 0 0 0 0 0 0 4760 0 
0 0 0 0 0 0 0 0 0 0 0 0 0 0 0 0 0 0 8041 0 0 0 0 3246 0 
0 0 0 4561 0 0 0 0 0 0 0 0 0 0 0 0 0 0 0 0 0 0 0 5923 0 
0 0 0 0 0 0 0 6195 0 0 0 0 0 0 0 1472 0 0 0 3264 0 0 0 0 0 
0 0 0 0 0 0 0 0 0 744 0 0 0 0 0 7665 0 0 1 353 0 0 0 1773 0 
0 0 0 0 0 0 0 0 0 0 0 0 0 0 0 0 0 11522 0 0 0 0 0 0 0 
0 0 0 0 0 0 0 0 0 5910 0 0 0 0 0 0 0 0 0 0 0 0 0 0 5074 
0 0 0 0 0 0 0 0 0 0 0 0 0 0 12325 0 0 0 0 0 0 0 0 0 0 
11300 0 0 0 0 1 0 0 0 0 0 0 0 0 0 0 0 0 1 0 0 0 0 0 2 
0 0 0 0 0 0 0 0 0 0 0 0 0 0 0 5587 0 0 0 1910 0 0 41 3469 0 
0 0 0 0 0 0 0 0 0 0 4983 0 0 0 0 422 8 0 0 2764 0 0 0 2294 0 
0 0 0 0 0 0 0 0 0 0 0 0 0 0 0 0 76 1 0 0 0 5983 1 4914 0 
0 0 0 0 0 4662 0 0 0 6393 0 0 0 0 0 0 0 0 0 0 0 0 0 0 0 
0 0 0 0 0 0 0 0 0 7185 0 0 4032 0 0 0 0 0 0 0 0 0 0 0 0 
0 0 0 0 4837 0 0 0 0 6629 0 0 0 0 0 0 0 0 0 0 0 0 0 0 0 
0 27 0 0 0 0 5034 0 0 2782 0 0 0 0 0 1323 0 0 0 1800 0 0 0 0 0 
0 0 0 0 0 0 0 0 0 0 0 0 0 0 0 0 7588 0 0 0 0 0 0 3853 0 
1 0 0 0 0 0 0 0 6978 4447 0 0 0 0 0 0 0 0 0 0 0 0 0 0 0 
0 0 0 0 0 0 0 1597 0 0 0 0 0 0 0 5492 0 0 1 3617 0 0 0 0 0 
0 0 0 0 0 0 0 0 0 0 0 0 0 0 0 0 0 0 0 0 5 0 8014 3536 0 
