0 0 0 0 72 0 53 0 0 0 5 0 0 8 58 11 50 0 0 0 431 0 78 0 0 
14 0 105 0 0 0 0 0 0 0 0 105 0 0 92 0 0 18 39 683 0 222 0 0 0 
0 0 0 0 220 0 20 0 0 1 0 0 0 0 0 0 49 0 0 0 0 0 0 0 81 
0 20 0 32 20 0 0 0 77 0 0 0 737 0 0 0 116 54 8 0 34 0 0 0 32 
0 45 0 0 7 0 0 0 32 67 0 0 0 23 0 0 0 0 227 0 0 0 0 0 0 
20 0 0 16 0 0 0 0 560 1 0 0 0 0 0 0 0 0 0 0 0 34 0 0 0 
0 0 0 0 0 0 0 0 0 0 15 16 0 0 46 0 0 0 0 0 4 62 489 0 0 
0 0 0 0 0 0 282 0 0 0 0 0 0 0 0 30 0 28 0 0 0 0 0 8 0 
0 0 0 0 0 0 0 0 0 0 0 0 0 0 0 62 254 314 32 0 20 0 0 0 68 
1 0 0 0 0 0 0 0 0 0 0 0 0 0 200 0 0 0 0 0 13 0 0 0 0 
0 0 3 0 15 0 0 379 0 0 14 0 0 0 43 12 19 19 0 0 0 0 63 0 0 
0 0 0 0 0 0 0 44 41 0 0 0 0 101 3 116 347 0 22 0 22 0 0 400 44 
40 0 15 0 0 0 0 0 0 0 0 35 0 0 0 0 31 106 0 3 0 268 0 0 0 
0 12 0 0 0 0 0 0 24 435 14 0 17 0 0 0 52 0 0 0 0 0 0 0 0 
101 0 0 12 0 0 0 60 8 0 0 0 0 0 0 0 60 38 31 0 0 0 0 0 845 
0 0 0 0 22 0 2 0 0 0 0 0 0 0 6 252 57 0 0 0 0 0 0 0 0 
0 0 0 0 0 491 0 0 33 0 0 0 0 0 0 0 13 0 21 0 0 0 0 0 8 
0 0 0 412 0 0 0 0 0 0 2 0 0 5 0 0 0 0 9 0 0 0 0 0 0 
0 7 0 0 4 0 0 0 0 0 985 0 0 0 0 0 0 0 17 0 0 0 169 0 0 
354 0 13 0 0 0 0 0 0 0 0 0 0 0 0 0 0 26 0 16 0 34 0 0 0 
0 0 0 21 0 0 0 31 0 48 0 0 0 107 0 0 0 0 69 0 52 1 0 244 0 
0 505 18 11 0 0 0 0 0 0 0 0 0 0 0 0 0 0 0 0 0 0 0 0 0 
0 0 0 0 0 0 0 0 0 0 0 789 0 0 0 0 0 0 0 0 0 0 0 0 0 
0 0 689 0 0 0 0 0 0 0 0 0 0 1 0 0 7 0 0 5 0 0 0 0 0 
0 0 0 0 0 6 0 0 0 213 0 0 0 263 0 0 0 0 0 0 0 0 0 0 0 
