0 0 0 0 0 0 77555 0 0 0 0 0 0 0 0 
0 14554 0 0 1 0 0 0 0 3446 0 0 41602 1234 0 
0 10 0 0 0 0 0 0 0 0 3689 0 0 0 87593 
69182 0 0 39383 0 0 0 0 0 0 0 0 0 0 0 
0 8580 0 0 0 0 0 0 0 54107 0 0 0 0 0 
0 8289 0 0 0 0 0 0 0 2 0 0 0 78699 0 
0 8850 0 0 1121 0 0 0 0 1386 0 0 46305 0 0 
0 13804 0 0 45691 0 0 0 0 4646 0 0 0 0 0 
0 50158 0 0 0 0 0 0 0 0 0 0 0 13289 0 
0 0 98486 0 0 0 0 0 0 0 0 0 0 0 0 
0 16202 0 0 0 60682 0 0 1616 0 0 0 0 0 0 
0 1 0 0 0 0 0 73074 0 0 0 0 0 0 0 
0 12919 3 0 0 0 0 0 0 0 55842 0 0 0 0 
0 2185 2332 0 0 0 0 0 72826 0 0 0 0 0 0 
0 9976 0 0 0 0 0 0 0 3684 0 48953 0 0 0 
