0 5 0 0 0 1358 0 0 0 0 0 0 0 0 0 
0 0 9 0 70 13 1417 0 147 0 0 0 0 0 0 
0 382 454 0 0 0 8 0 0 0 70 0 50 20 48 
0 31 57 70 0 0 0 1010 0 0 5 77 68 0 75 
0 122 0 0 0 0 1 0 70 708 0 0 34 0 0 
19 114 0 473 70 22 40 0 0 0 58 0 0 0 0 
0 0 15 0 0 0 0 0 44 414 60 74 69 644 0 
0 7 766 71 51 0 0 11 0 0 93 5 45 0 0 
0 211 0 14 483 0 0 0 0 0 0 0 1 42 23 
0 0 59 86 45 0 0 0 0 37 0 829 0 79 134 
0 0 0 28 16 0 11 18 0 0 0 0 0 0 554 
1297 67 0 38 0 180 0 0 0 0 67 0 0 0 0 
0 69 13 0 33 31 0 0 0 0 22 21 888 0 0 
36 0 0 71 0 30 0 0 0 0 373 0 0 0 0 
0 0 0 132 117 0 83 0 596 0 0 0 13 44 38 
