0 0 0 0 0 0 1 0 0 0 0 0 0 0 8020 0 0 0 0 0 0 0 0 0 0 
0 0 0 0 0 0 0 0 0 7439 0 1 0 0 0 0 0 0 0 0 0 0 0 0 0 
0 0 0 0 0 0 0 0 0 0 0 0 0 0 0 0 0 0 3 0 0 0 6880 0 0 
0 0 0 0 0 0 0 0 0 0 0 0 0 0 0 0 3968 0 0 0 3011 0 0 0 0 
5 0 0 0 0 0 0 0 0 0 0 2 0 0 2597 0 0 0 0 0 0 0 0 4467 0 
0 0 0 1 0 0 0 0 0 0 0 0 7388 0 0 0 0 0 0 0 0 0 0 0 0 
0 0 0 0 0 0 0 0 0 0 0 6114 0 0 0 0 0 0 0 0 0 0 0 0 1213 
2 0 0 0 0 0 0 0 1 0 0 0 0 0 0 0 0 0 0 6949 0 0 0 0 0 
0 0 0 0 0 0 555 0 0 0 6422 0 0 0 0 0 3 0 0 0 0 0 467 0 0 
0 7804 0 0 0 0 0 0 0 0 0 0 0 0 0 0 0 0 0 0 0 0 0 0 0 
0 0 0 0 0 0 0 0 0 0 0 657 0 0 0 0 0 0 1 0 0 0 0 0 6942 
0 0 0 0 0 0 0 6761 0 0 0 0 253 0 0 0 0 1 0 0 0 0 0 0 0 
0 0 1 0 0 0 7251 0 0 0 0 0 0 0 0 0 0 0 0 0 0 0 0 0 0 
0 0 0 0 0 0 0 0 0 0 0 0 0 0 0 2 0 7056 0 0 0 0 3 0 0 
0 0 0 0 0 0 0 0 0 0 1 0 0 0 0 0 0 0 6984 0 0 0 0 0 0 
0 0 0 0 0 0 0 0 0 0 0 304 0 0 0 0 0 0 0 0 2314 4314 0 0 183 
0 0 0 0 0 3 267 0 0 0 0 0 0 7282 0 0 0 0 1 0 0 0 2 0 0 
0 0 0 0 0 0 0 0 7475 0 0 0 0 0 0 75 0 0 0 0 0 0 0 0 0 
0 0 7274 0 0 0 0 0 0 0 0 2 0 0 1 0 0 0 0 0 94 0 0 0 0 
0 0 0 6149 0 0 0 0 0 0 0 0 0 4 0 0 0 0 0 0 617 0 0 0 0 
0 0 0 0 7898 0 0 0 0 0 0 0 0 0 0 0 0 0 0 0 0 0 0 0 0 
0 0 0 0 0 0 0 0 0 1 0 0 0 0 0 7630 0 0 0 0 0 0 0 0 0 
7012 0 0 0 0 0 29 0 0 0 0 0 0 0 0 0 0 0 0 0 0 0 0 0 0 
0 0 797 5384 0 0 0 0 1 480 0 0 0 0 0 0 0 0 0 0 875 0 0 0 0 
0 0 1617 0 0 3080 0 0 0 4 0 0 0 0 0 0 0 0 0 0 2496 0 0 2 0 
