0 0 0 0 0 0 0 0 28 0 0 371 4 0 81 0 3359 143 0 0 
0 0 0 0 0 0 0 0 10 0 0 0 0 108 0 0 0 0 2588 0 
309 5078 112 21 0 73 104 0 288 87 247 1105 1 360 109 0 85 4 275 0 
0 35 0 18 0 21 0 0 865 0 67 318 0 0 125 0 43 0 251 0 
0 0 0 0 0 0 4021 0 0 0 0 61 21 0 0 0 0 0 0 0 
0 0 2804 0 0 0 0 2 0 0 0 0 0 0 0 1206 0 0 0 8046 
0 0 0 313 206 545 0 6861 0 0 115 2712 2 0 124 0 0 0 0 0 
0 0 0 0 0 0 0 0 0 6501 0 251 0 0 0 4917 0 0 0 478 
600 0 0 0 0 0 0 0 0 0 0 0 0 0 0 0 0 0 0 0 
0 31 0 122 3437 313 0 168 0 0 0 0 0 0 0 0 9 0 0 0 
0 263 24 0 0 0 5 0 48 0 0 163 0 9581 0 0 0 0 0 0 
0 0 0 0 0 0 0 0 0 0 76 449 0 0 2244 1 104 17 0 0 
0 0 0 4142 0 27 0 0 0 0 0 51 0 0 0 0 0 0 9 16 
0 0 0 14 0 3459 0 0 0 0 24 229 0 0 0 0 0 0 0 0 
773 25 0 0 0 0 0 11 0 0 0 0 0 79 0 0 0 0 0 0 
0 0 50 6 0 0 0 0 2444 0 0 0 0 0 0 0 0 0 0 0 
0 0 0 0 0 0 0 0 0 0 3690 537 0 0 0 0 0 0 64 0 
0 0 0 0 0 0 0 0 0 0 0 92 0 0 14 0 0 5854 0 0 
0 0 0 0 1957 0 0 0 0 0 0 395 0 0 0 0 0 0 63 0 
0 0 0 0 0 0 11 0 0 0 0 0 1112 0 0 0 0 0 0 0 
